0.512675
0.563259
0.580411
0.505249
0.465117
0.531108
0.476842
0.455499
0.48149
0.462819
0.507511
0.491453
0.460873
0.430313
0.485361
0.49176
0.506064
0.491917
0.48765
0.473907
0.458814
0.493003
0.472337
0.465796
0.473515
0.485316
0.494809
0.452688
0.471265
0.480128
0.478796
0.467742
0.461617
0.448361
0.431727
0.4719
0.476523
0.457787
0.45391
0.446617
0.467415
0.417729
0.470815
0.475277
0.427461
0.454997
0.457604
0.41942
0.376321
0.400193
0.410078
0.423953
0.473079
0.485309
0.410605
0.405417
0.405459
0.418229
0.399754
0.389426
0.398619
0.407353
0.402665
0.409014
0.384589
0.380747
0.411628
0.381224
0.358425
0.380724
0.353772
0.351622
0.349663
0.370802
0.383303
0.380939
0.391222
0.363242
0.356248
0.35298
0.369848
0.363756
0.375201
0.398545
0.376838
0.395005
0.379546
0.385034
0.394847
0.390463
0.405915
0.391569
0.417637
0.407991
0.371567
0.367586
0.352999
0.369142
0.384917
0.381411
0.351466
0.347536
0.351446
0.344519
0.349151
0.372123
0.389617
0.434592
0.475201
0.400372
0.433368
0.418631
0.41467
0.406267
0.421769
0.419741
0.378609
0.410484
0.407303
0.41164
0.430988
0.413699
0.412288
0.427438
0.439882
0.455797
0.412173
0.456455
0.476061
0.468178
0.498818
0.427681
0.382735
0.41882
0.440889
0.439816
0.406465
0.374456
0.39982
0.42614
0.401248
0.415367
0.40434
0.37541
0.37932
0.396695
0.383501
0.398449
0.391025
0.414046
0.400583
0.402319
0.407771
0.41199
0.416097
0.424279
0.417187
0.407982
0.392824
0.375364
0.362834
0.353699
0.341077
0.33791
0.338924
0.344659
0.368772
0.358873
0.340969
0.345679
0.352238
0.365671
0.356502
0.392784
0.455768
0.480054
0.453617
0.467033
0.470924
0.457187
0.42212
0.432168
0.407825
0.416441
0.418355
0.426885
0.41663
0.412972
0.376989
0.363802
0.38117
0.378546
0.375899
0.395165
0.395161
0.406491
0.427491
0.428978
0.399866
0.466961
0.418975
0.506737
0.440183
0.44428
0.426726
0.418854
0.407367
0.423881
0.430674
0.429401
0.393276
0.376299
0.374096
0.401827
0.39045
0.409264
0.392055
0.424865
0.43936
0.413351
0.416151
0.391016
0.440575
0.467769
0.442279
0.464878
0.383776
0.404193
0.406655
0.40725
0.434888
0.459386
0.48346
0.440635
0.397438
0.353645
0.389404
0.427489
0.408285
0.393057
0.387155
0.420772
0.440231
0.380515
0.386375
0.449456
0.427877
0.447189
0.475398
0.427684
0.447889
0.432712
0.437002
0.404928
0.402004
0.396049
0.361154
0.366095
0.39926
0.407338
0.41507
0.391503
0.354879
0.405767
0.463433
0.402215
0.421648
0.423733
0.4479
0.421734
0.399564
0.362063
0.358233
0.350989
0.365349
0.396919
0.405915
0.392754
0.359431
0.357716
0.375337
0.401868
0.41297
0.429332
0.37955
0.396908
0.433169
0.409136
0.378749
0.397688
0.409605
0.433784
0.439703
0.435254
0.429755
0.453169
0.414068
0.371281
0.35223
0.349001
0.378284
0.389805
0.359847
0.353427
0.354078
0.378718
0.451027
0.442369
0.432853
0.417839
0.404147
0.427643
0.457536
0.444843
0.422556
0.415828
0.426262
0.441971
0.407521
0.369841
0.380403
0.430534
0.426619
0.386368
0.39751
0.459246
0.433649
0.435061
0.425445
0.433655
0.38588
0.359867
0.36378
0.389643
0.421018
0.433768
0.484955
0.446593
0.391355
0.358442
0.388793
0.364492
0.416895
0.459201
0.458058
0.425256
0.461838
0.415857
0.408247
0.405012
0.418627
0.400535
0.400179
0.375202
0.37305
0.360261
0.345452
0.351118
0.36314
0.369917
0.372622
0.353401
0.36182
0.375114
0.396837
0.382352
0.386245
0.39944
0.386314
0.361816
0.349878
0.354175
0.372806
0.387652
0.410087
0.384256
0.380227
0.366496
0.35407
0.362308
0.365096
0.360999
0.361585
0.389591
0.392307
0.393253
0.405376
0.414769
0.407336
0.401604
0.395172
0.401875
0.391768
0.394387
0.374643
0.366846
0.36105
0.370796
0.375451
0.34759
0.342992
0.357486
0.360674
0.356944
0.360938
0.383891
0.393248
0.361968
0.340304
0.339747
0.365927
0.383683
0.399964
0.370997
0.380386
0.400628
0.40519
0.42396
0.400317
0.393697
0.391924
0.408402
0.411795
0.392235
0.365174
0.370239
0.355153
0.352472
0.360136
0.366899
0.39231
0.441012
0.43494
0.469862
0.485632
0.391395
0.386934
0.40374
0.400936
0.406142
0.371063
0.387336
0.406637
0.376771
0.40413
0.43409
0.460462
0.466596
0.443216
0.446978
0.460546
0.453224
0.463333
0.487369
0.49135
0.536097
0.49606
0.369098
0.365785
0.378512
0.394396
0.413845
0.402103
0.372464
0.382325
0.424055
0.4596
0.481861
0.439747
0.455128
0.495802
0.473379
0.417236
0.412052
0.383148
0.371267
0.378714
0.371807
0.366608
0.37172
0.400946
0.380527
0.388396
0.382505
0.392269
0.371275
0.366352
0.382677
0.40829
0.434983
0.395695
0.374138
0.362575
0.400734
0.441427
0.436616
0.409961
0.418558
0.40523
0.447454
0.421502
0.431165
0.437067
0.45665
0.454442
0.491941
0.492151
0.467027
0.47173
0.483487
0.438557
0.417147
0.411014
0.420566
0.422066
0.416895
0.400997
0.385473
0.406668
0.395615
0.401537
0.400993
0.404167
0.405315
0.384763
0.397264
0.388048
0.390254
0.436891
0.425616
0.389846
0.376932
0.393986
0.359798
0.361479
0.356631
0.348529
0.352055
0.359728
0.343836
0.341332
0.34641
0.345298
0.357848
0.364241
0.349394
0.366199
0.345379
0.349894
0.354577
0.377849
0.377458
0.388163
0.390886
0.370701
0.346208
0.3513
0.358597
0.3669
0.382459
0.383596
0.38446
0.36108
0.382668
0.387084
0.400993
0.373722
0.379476
0.371126
0.36679
0.380163
0.405917
0.393498
0.389067
0.423255
0.441099
0.439564
0.431833
0.485142
0.465156
0.48825
0.460602
0.384639
0.392485
0.388471
0.437255
0.438487
0.407564
0.400582
0.409519
0.42628
0.422553
0.422256
0.402613
0.398
0.375337
0.348887
0.36144
0.3586
0.356265
0.387191
0.390568
0.39973
0.364535
0.38103
0.371996
0.380504
0.402668
0.389597
0.371617
0.391767
0.401011
0.380345
0.356028
0.34189
0.350025
0.345837
0.345339
0.363485
0.365557
0.374579
0.410576
0.39421
0.398111
0.361045
0.357371
0.352898
0.364856
0.403556
0.371511
0.398473
0.374785
0.383459
0.382497
0.434387
0.466132
0.420393
0.437181
0.416305
0.395754
0.378951
0.372523
0.368457
0.385351
0.416054
0.467305
0.464864
0.443042
0.438083
0.483248
0.542494
0.487705
0.513396
0.456498
0.455686
0.498758
0.520889
0.516251
0.461357
0.409477
0.383604
0.380643
0.396428
0.387369
0.409675
0.402142
0.403309
0.370789
0.364872
0.374957
0.376837
0.380806
0.386306
0.420977
0.436258
0.393908
0.357819
0.351236
0.346329
0.356145
0.349929
0.34498
0.347184
0.344246
0.354717
0.37285
0.419938
0.406392
0.426048
0.422575
0.407018
0.371912
0.355067
0.358452
0.352038
0.365931
0.38845
0.405876
0.402739
0.413719
0.394259
0.409026
0.401681
0.356125
0.34664
0.348573
0.356531
0.351109
0.343638
0.346765
0.344755
0.350932
0.372788
0.366443
0.354853
0.377753
0.375286
0.371732
0.37354
0.376023
0.399688
0.407442
0.404654
0.387379
0.360512
0.365711
0.388838
0.410783
0.395916
0.381232
0.369076
0.385888
0.394321
0.394088
0.367396
0.352949
0.353884
0.344454
0.3643
0.374724
0.361766
0.354783
0.361012
0.394108
0.382777
0.362544
0.368949
0.380737
0.356508
0.3655
0.366917
0.362286
0.393031
0.386722
0.398895
0.37019
0.368899
0.384818
0.364235
0.350758
0.342336
0.343444
0.365478
0.388663
0.36437
0.374849
0.374471
0.387771
0.367454
0.353998
0.352406
0.365394
0.392112
0.383206
0.35234
0.343825
0.356721
0.346227
0.343848
0.346265
0.342027
0.353209
0.367713
0.414201
0.406305
0.382996
0.36596
0.380861
0.373171
0.386785
0.392395
0.383312
0.388497
0.366267
0.372036
0.402071
0.40783
0.417024
0.386148
0.374203
0.361153
0.356839
0.376586
0.387776
0.356381
0.343528
0.347448
0.370011
0.367771
0.392385
0.351223
0.354918
0.381761
0.396122
0.372678
0.351511
0.364924
0.38898
0.363027
0.359376
0.367206
0.371263
0.350838
0.356458
0.363597
0.380724
0.405265
0.425217
0.43866
0.409352
0.415605
0.392548
0.397346
0.418891
0.519173
0.535134
0.449829
0.440134
0.398897
0.420117
0.439199
0.405747
0.386533
0.40499
0.440144
0.38666
0.354649
0.388725
0.429611
0.392319
0.424092
0.395309
0.354093
0.349701
0.352398
0.358757
0.352945
0.35227
0.352092
0.349102
0.347697
0.345314
0.348683
0.348254
0.36401
0.433376
0.403555
0.395984
0.407071
0.385093
0.392084
0.406276
0.396632
0.372398
0.386123
0.373498
0.405741
0.377883
0.361328
0.366337
0.353492
0.364225
0.385506
0.406447
0.40249
0.41151
0.389697
0.383302
0.37016
0.381852
0.40775
0.389144
0.365595
0.37509
0.379929
0.398215
0.387201
0.407646
0.396129
0.386242
0.40151
0.406935
0.406646
0.404431
0.39195
0.418316
0.390089
0.412417
0.41229
0.4011
0.382554
0.373697
0.363766
0.344492
0.345747
0.36501
0.365188
0.364862
0.365003
0.379273
0.351002
0.363442
0.369584
0.37221
0.389324
0.385323
0.366325
0.373876
0.35261
0.350771
0.358905
0.367066
0.355789
0.342883
0.344408
0.367646
0.375506
0.377242
0.369818
0.376433
0.392233
0.401003
0.377797
0.38957
0.38945
0.366451
0.366502
0.386234
0.356597
0.352941
0.380542
0.382921
0.38874
0.375695
0.396443
0.393193
0.375191
0.361998
0.36379
0.388743
0.444802
0.455401
0.453282
0.457863
0.407316
0.419406
0.445738
0.474171
0.422886
0.445212
0.441033
0.396936
0.372765
0.384074
0.401692
0.388145
0.387607
0.452529
0.471735
0.437187
0.384281
0.401678
0.443619
0.392063
0.394616
0.427463
0.401619
0.419128
0.414617
0.357361
0.366493
0.377037
0.355553
0.364159
0.379818
0.401687
0.448653
0.422942
0.422829
0.454082
0.475163
0.446167
0.432713
0.451245
0.485891
0.493053
0.477525
0.486491
0.457993
0.432052
0.431447
0.431972
0.450303
0.430186
0.420869
0.434825
0.429549
0.378597
0.377024
0.426481
0.406685
0.401861
0.42768
0.43976
0.42462
0.414532
0.420025
0.382864
0.399509
0.393572
0.413115
0.371645
0.377333
0.41226
0.402004
0.408703
0.407594
0.398749
0.442183
0.469254
0.486821
0.442917
0.505631
0.465354
0.440895
0.468225
0.433234
0.427228
0.436603
0.45819
0.471193
0.4713
0.484943
0.390453
0.405971
0.394254
0.366129
0.361744
0.357384
0.376533
0.411771
0.412424
0.366272
0.355638
0.368585
0.382874
0.36715
0.358769
0.377264
0.347084
0.345755
0.342846
0.346268
0.351319
0.365785
0.385144
0.365729
0.376824
0.402863
0.366641
0.379972
0.360882
0.364615
0.369962
0.377442
0.35883
0.371034
0.378867
0.379771
0.384864
0.390961
0.38798
0.39446
0.402985
0.41625
0.378052
0.351266
0.350422
0.346093
0.349428
0.364591
0.364452
0.365161
0.39318
0.36447
0.355002
0.341632
0.34609
0.373809
0.397569
0.411526
0.418296
0.416129
0.409901
0.410133
0.407006
0.370207
0.382368
0.362516
0.366233
0.37262
0.384792
0.392881
0.36583
0.352363
0.371214
0.369503
0.356879
0.368523
0.389426
0.362117
0.362445
0.360481
0.378066
0.385658
0.384744
0.378957
0.388254
0.402041
0.378416
0.400127
0.402177
0.409068
0.384067
0.351929
0.356685
0.387216
0.400057
0.381798
0.370598
0.371527
0.393272
0.414969
0.439566
0.429746
0.402227
0.375252
0.373613
0.419363
0.383285
0.420922
0.444522
0.442489
0.435017
0.414071
0.407003
0.400114
0.408422
0.381137
0.422233
0.461084
0.472726
0.444034
0.46199
0.551117
0.560448
0.522516
0.422858
0.483284
0.498176
0.470595
0.381617
0.369049
0.34713
0.366886
0.357197
0.369213
0.356389
0.352447
0.355953
0.377709
0.373478
0.360783
0.363587
0.382968
0.397997
0.4099
0.403442
0.405418
0.418284
0.41941
0.39978
0.413224
0.412415
0.445506
0.402757
0.393822
0.402113
0.398912
0.418027
0.408842
0.388511
0.394899
0.397474
0.394216
0.402728
0.40808
0.485413
0.453405
0.402424
0.439531
0.400292
0.374284
0.416851
0.419437
0.373591
0.364128
0.37963
0.43949
0.446497
0.394642
0.42872
0.408688
0.411782
0.45079
0.444766
0.432163
0.431688
0.41177
0.443692
0.429224
0.492367
0.498532
0.486094
0.479204
0.403466
0.38175
0.356075
0.361867
0.360866
0.359347
0.346918
0.343826
0.346558
0.351902
0.37695
0.370211
0.352088
0.376589
0.385349
0.383915
0.369799
0.368326
0.376226
0.386372
0.392546
0.47146
0.455403
0.504656
0.504342
0.481681
0.386796
0.392606
0.42732
0.410336
0.387282
0.39243
0.35412
0.363527
0.373425
0.384884
0.362414
0.356928
0.352585
0.382029
0.381092
0.35541
0.344152
0.358145
0.368888
0.369234
0.37078
0.363424
0.352404
0.359095
0.40348
0.472457
0.438593
0.419805
0.430645
0.442108
0.390213
0.405791
0.415444
0.37058
0.391973
0.42718
0.438966
0.434153
0.413292
0.419355
0.408113
0.383182
0.359172
0.359311
0.387432
0.444768
0.453743
0.481103
0.450332
0.438469
0.420887
0.447733
0.477226
0.441831
0.50913
0.469354
0.461751
0.480735
0.405709
0.386387
0.377551
0.390613
0.443898
0.449987
0.427834
0.419888
0.455364
0.455386
0.40991
0.356122
0.363774
0.363145
0.381201
0.395995
0.409229
0.42781
0.433038
0.486756
0.467209
0.385821
0.409122
0.423515
0.431273
0.433762
0.418847
0.427163
0.382771
0.37988
0.407825
0.376728
0.381272
0.384521
0.440242
0.447154
0.371821
0.40544
0.45513
0.437598
0.419214
0.411949
0.431061
0.370617
0.356863
0.379713
0.397793
0.401917
0.403725
0.408292
0.395528
0.393379
0.386061
0.364899
0.40857
0.386713
0.375861
0.374973
0.374565
0.397994
0.404727
0.391026
0.369444
0.407626
0.385087
0.380523
0.3932
0.404976
0.370379
0.352197
0.357936
0.345223
0.356735
0.399051
0.403744
0.367942
0.34526
0.353137
0.366077
0.394915
0.364915
0.358608
0.355194
0.376491
0.37027
0.378542
0.373719
0.404901
0.41582
0.403475
0.400715
0.420945
0.373875
0.398998
0.431623
0.412772
0.412763
0.369628
0.369304
0.36849
0.372994
0.374125
0.371371
0.350491
0.342735
0.347212
0.341099
0.343806
0.359131
0.383475
0.386192
0.398909
0.386461
0.396206
0.37823
0.3982
0.427654
0.425104
0.422113
0.395242
0.417563
0.403035
0.391417
0.423542
0.384021
0.420846
0.455451
0.42332
0.41439
0.373779
0.381139
0.436689
0.464525
0.44995
0.539398
0.544689
0.569854
0.532288
0.42441
0.396682
0.400593
0.378601
0.40606
0.389594
0.409252
0.39452
0.372722
0.35039
0.351985
0.347844
0.358697
0.377235
0.386196
0.392404
0.408691
0.379927
0.395159
0.402549
0.37752
0.38382
0.361426
0.37453
0.35471
0.356545
0.380668
0.392019
0.354273
0.351614
0.347955
0.360598
0.412489
0.440932
0.459036
0.443016
0.444596
0.442739
0.421461
0.396972
0.400101
0.38615
0.39406
0.403939
0.396476
0.40302
0.401486
0.387933
0.386323
0.413488
0.403169
0.390421
0.393123
0.383085
0.352956
0.387431
0.393672
0.406832
0.402466
0.389936
0.384825
0.368757
0.404691
0.392584
0.409338
0.408931
0.403074
0.410743
0.444349
0.437242
0.433021
0.423507
0.42833
0.47495
0.440914
0.436531
0.432506
0.423802
0.452905
0.432602
0.392409
0.385804
0.35715
0.35049
0.36609
0.405754
0.390398
0.427247
0.410437
0.423096
0.401924
0.3931
0.413652
0.448641
0.46966
0.393313
0.408684
0.405025
0.372111
0.397356
0.435219
0.452899
0.426315
0.42542
0.469652
0.4222
0.474872
0.497308
0.510112
0.516302
0.507284
0.482239
0.478244
0.545256
0.547557
0.540673
0.591648
0.522775
0.456234
0.4518
0.411721
0.435963
0.388011
0.445703
0.427964
0.42936
0.378758
0.364966
0.407507
0.443463
0.450329
0.437032
0.433781
0.392891
0.403898
0.400652
0.383107
0.369282
0.396856
0.400085
0.409499
0.402133
0.398414
0.394211
0.402155
0.395651
0.422988
0.434186
0.406172
0.4041
0.402746
0.40494
0.43162
0.390271
0.391628
0.401705
0.46837
0.430595
0.417109
0.419885
0.456977
0.419233
0.449937
0.419152
0.38656
0.364729
0.371498
0.356041
0.345131
0.344397
0.350052
0.361342
0.382975
0.392033
0.381187
0.380167
0.401582
0.393255
0.35607
0.354787
0.358147
0.387272
0.42976
0.473594
0.486937
0.500104
0.414063
0.434545
0.404159
0.429855
0.39797
0.463901
0.490706
0.449381
0.412504
0.367398
0.373905
0.396354
0.39852
0.423266
0.44527
0.392878
0.376637
0.388573
0.389573
0.398241
0.417252
0.418716
0.39309
0.413694
0.443923
0.470402
0.398703
0.430945
0.482697
0.444119
0.460426
0.461813
0.411212
0.375088
0.390043
0.370062
0.378456
0.408384
0.41988
0.409804
0.42216
0.429137
0.394626
0.384033
0.426204
0.421384
0.453121
0.431995
0.4209
0.446798
0.440546
0.477737
0.463298
0.427896
0.440375
0.446312
0.437919
0.465546
0.474774
0.528225
0.544196
0.552029
0.563773
0.529036
0.447423
0.385872
0.395064
0.410836
0.432452
0.43441
0.404821
0.434123
0.438026
0.420625
0.406482
0.397659
0.386593
0.431991
0.435376
0.430232
0.424093
0.387663
0.36561
0.35982
0.354546
0.350944
0.361561
0.388715
0.375463
0.363377
0.382867
0.369147
0.415705
0.414144
0.43172
0.412624
0.416721
0.356424
0.351823
0.364764
0.366791
0.368155
0.378746
0.412034
0.478487
0.463021
0.45286
0.468144
0.378655
0.372966
0.370965
0.363674
0.449323
0.385817
0.407714
0.418981
0.514377
0.478649
0.444742
0.539392
0.518534
0.495669
0.501865
0.488745
0.512054
0.508042
0.466789
0.461898
0.440168
0.437068
0.466127
0.451038
0.421925
0.431596
0.396807
0.366191
0.357614
0.394168
0.376506
0.365283
0.393423
0.403705
0.376986
0.356801
0.370438
0.351074
0.3803
0.399405
0.407639
0.405829
0.383591
0.360862
0.354202
0.349646
0.365323
0.379062
0.392641
0.373641
0.365086
0.357299
0.368391
0.377074
0.403517
0.383844
0.392555
0.410287
0.426028
0.430443
0.424954
0.419617
0.456066
0.469917
0.45841
0.496657
0.466144
0.41808
0.408609
0.430507
0.400648
0.43795
0.466945
0.391378
0.421689
0.41188
0.43742
0.431739
0.417764
0.445258
0.462518
0.453374
0.425512
0.478999
0.465479
0.430369
0.442922
0.497121
0.417129
0.423285
0.400055
0.368502
0.414945
0.431645
0.408719
0.383799
0.378056
0.358708
0.355295
0.376075
0.382478
0.361657
0.376776
0.373149
0.358697
0.389813
0.392672
0.390857
0.378211
0.379613
0.393514
0.42735
0.41859
0.382059
0.395208
0.368822
0.365196
0.362473
0.390465
0.378363
0.37473
0.379775
0.386371
0.392676
0.437433
0.469446
0.458925
0.43511
0.481324
0.483398
0.470425
0.381179
0.473141
0.474273
0.41238
0.367393
0.35077
0.356441
0.372105
0.38842
0.40726
0.390863
0.395138
0.390017
0.397715
0.404036
0.385258
0.375231
0.369458
0.352318
0.351653
0.361693
0.394733
0.375476
0.353048
0.36696
0.365148
0.35037
0.366295
0.363739
0.344915
0.347165
0.345727
0.352376
0.362731
0.383574
0.35894
0.360348
0.392236
0.413374
0.419941
0.41046
0.398951
0.386273
0.405813
0.372664
0.399646
0.400218
0.392296
0.403725
0.423671
0.415097
0.413601
0.435231
0.460043
0.476848
0.452594
0.459711
0.447434
0.486127
0.438787
0.419131
0.452961
0.456905
0.422726
0.445272
0.471536
0.494038
0.467136
0.464558
0.520373
0.425185
0.40387
0.418664
0.453339
0.438144
0.478148
0.515612
0.513843
0.413054
0.426528
0.423873
0.405212
0.399419
0.426629
0.420297
0.409381
0.434257
0.417655
0.414945
0.425214
0.424022
0.392716
0.396067
0.387533
0.362951
0.395784
0.383827
0.356824
0.38334
0.406565
0.409713
0.38599
0.395712
0.404625
0.424813
0.405599
0.381342
0.397607
0.399403
0.401048
0.40564
0.415441
0.401367
0.357048
0.348228
0.338958
0.345042
0.349432
0.3765
0.372629
0.358354
0.342149
0.342475
0.342658
0.342704
0.351124
0.348153
0.342202
0.340733
0.341247
0.343517
0.366868
0.390094
0.375516
0.381248
0.372881
0.379642
0.372354
0.375742
0.378147
0.347938
0.342537
0.344738
0.347342
0.349221
0.344525
0.341109
0.34573
0.344906
0.358526
0.365453
0.356367
0.36597
0.394523
0.408639
0.384203
0.403668
0.44229
0.436725
0.413687
0.372487
0.386697
0.366675
0.360369
0.367285
0.39912
0.374241
0.37875
0.413773
0.458747
0.474275
0.489123
0.509824
0.408909
0.399791
0.42747
0.404058
0.467332
0.451062
0.381666
0.360539
0.345416
0.356078
0.359391
0.377941
0.396502
0.387498
0.386546
0.42273
0.40108
0.394541
0.374424
0.377998
0.3833
0.346806
0.346205
0.346714
0.345598
0.372239
0.371596
0.343551
0.356675
0.358989
0.413881
0.40177
0.405051
0.392483
0.391926
0.417048
0.407079
0.398704
0.395827
0.396131
0.385605
0.393286
0.40194
0.376569
0.411853
0.450632
0.405159
0.371482
0.414488
0.454528
0.437763
0.41279
0.407124
0.447501
0.455051
0.456808
0.436894
0.475471
0.434723
0.387844
0.37948
0.386225
0.37666
0.35247
0.35831
0.367657
0.362115
0.37229
0.405163
0.423187
0.441646
0.444094
0.442029
0.444137
0.463776
0.462194
0.443491
0.423872
0.413306
0.481722
0.488761
0.469257
0.472799
0.489846
0.528787
0.564287
0.429991
0.423289
0.408757
0.444264
0.394326
0.40987
0.426599
0.40959
0.429555
0.44635
0.425533
0.447964
0.424897
0.403949
0.41755
0.387279
0.366428
0.375392
0.38112
0.400947
0.446138
0.465964
0.450059
0.426912
0.42288
0.43275
0.389128
0.370542
0.394643
0.376763
0.394553
0.411153
0.415933
0.394091
0.36632
0.395183
0.382239
0.404762
0.409619
0.416752
0.406423
0.410415
0.412502
0.428953
0.440408
0.453386
0.468688
0.426084
0.45221
0.439678
0.462169
0.416469
0.420857
0.432798
0.502192
0.484265
0.401257
0.459014
0.474043
0.436364
0.43837
0.413838
0.445503
0.429325
0.424587
0.438307
0.40526
0.38964
0.455789
0.469624
0.457215
0.427915
0.444597
0.42388
0.389766
0.377106
0.403102
0.379079
0.430725
0.420322
0.448636
0.452351
0.575297
0.57756
0.548504
0.478225
0.519585
0.443397
0.41079
0.411794
0.457121
0.42765
0.471329
0.473033
0.443022
0.423813
0.45634
0.47778
0.438059
0.440044
0.441678
0.438249
0.436842
0.440699
0.448639
0.434493
0.431251
0.416156
0.47206
0.488795
0.491033
0.505242
0.462058
0.414104
0.423944
0.408685
0.412722
0.434624
0.475993
0.452465
0.395225
0.401503
0.422581
0.434329
0.431866
0.478244
0.480582
0.397656
0.36903
0.359646
0.368354
0.361779
0.366441
0.39595
0.45738
0.493963
0.48606
0.43659
0.482669
0.424669
0.409244
0.433757
0.430293
0.446739
0.365521
0.409785
0.4263
0.427719
0.414529
0.474606
0.418289
0.442583
0.488655
0.537722
0.486031
0.513672
0.576742
0.52323
0.511761
0.509133
0.474758
0.475276
0.495761
0.454988
0.468623
0.513743
0.466441
0.456743
0.42592
0.421907
0.410877
0.400621
0.407965
0.432615
0.471877
0.51507
0.478076
0.452501
0.446657
0.441912
0.464974
0.449107
0.429811
0.437508
0.434052
0.445041
0.454355
0.432551
0.471122
0.430541
0.500704
0.480289
0.428753
0.500681
0.476257
0.498853
0.496016
0.45317
0.435436
0.451113
0.47694
0.494508
0.455088
0.389522
0.358306
0.36731
0.393173
0.401467
0.455057
0.460893
0.419492
0.422197
0.408299
0.415273
0.42739
0.457006
0.436859
0.419245
0.444429
0.43288
0.381682
0.372028
0.378773
0.456045
0.489866
0.514358
0.512148
0.504567
0.498153
0.510643
0.542675
0.519891
0.574443
0.533063
0.421846
0.364512
0.396204
0.411576
0.377391
0.398481
0.406517
0.408542
0.427694
0.421835
0.418605
0.433449
0.434611
0.433214
0.394918
0.411947
0.438093
0.413984
0.391696
0.401018
0.375259
0.364152
0.3455
0.352579
0.386094
0.393494
0.355179
0.367925
0.405855
0.413528
0.443289
0.371328
0.366738
0.357896
0.369443
0.370559
0.360853
0.389548
0.421844
0.445187
0.43262
0.477298
0.422246
0.427864
0.400338
0.373729
0.372434
0.382787
0.382535
0.391477
0.430191
0.435599
0.415925
0.359397
0.394835
0.413589
0.395099
0.360199
0.347624
0.34235
0.350878
0.354455
0.368208
0.385521
0.35034
0.367888
0.391766
0.418712
0.413706
0.45086
0.413334
0.455342
0.500905
0.557137
0.582554
0.543652
0.555649
0.541401
0.515489
0.48164
0.522665
0.481045
0.472747
0.525944
0.466724
0.504301
0.502875
0.48238
0.484376
0.514034
0.528761
0.541191
0.447496
0.40217
0.410614
0.419059
0.401677
0.437735
0.474613
0.446542
0.4355
0.467293
0.471726
0.469499
0.513188
0.426008
0.460626
0.512698
0.467074
0.497718
0.506254
0.438506
0.437502
0.514572
0.497452
0.505521
0.495802
0.523282
0.524798
0.499721
0.437716
0.447107
0.498566
0.50998
0.461567
0.44348
0.482746
0.462242
0.446131
0.45661
0.464626
0.444017
0.430902
0.38626
0.370393
0.384525
0.392474
0.400338
0.386943
0.388116
0.392749
0.374594
0.390663
0.404417
0.448103
0.42013
0.431681
0.421411
0.405937
0.434945
0.438515
0.471068
0.434806
0.484852
0.477053
0.450405
0.452903
0.48578
0.465206
0.460355
0.410129
0.428683
0.43054
0.422052
0.459027
0.457712
0.451406
0.460843
0.465647
0.473402
0.471074
0.483091
0.460794
0.40673
0.42894
0.388531
0.388152
0.468644
0.486535
0.457189
0.448029
0.439354
0.524072
0.570998
0.560735
0.392366
0.386349
0.38768
0.376165
0.355155
0.387775
0.360486
0.348397
0.353393
0.347115
0.349686
0.352127
0.351131
0.383983
0.382501
0.361089
0.382717
0.384091
0.381497
0.439298
0.440229
0.429538
0.432116
0.427065
0.4438
0.421026
0.431476
0.422171
0.432785
0.492258
0.510046
0.525029
0.523079
0.492588
0.410485
0.47196
0.477266
0.540277
0.489613
0.484302
0.478803
0.503665
0.472432
0.448342
0.460433
0.447274
0.445098
0.470048
0.483482
0.454868
0.445112
0.424894
0.447663
0.460811
0.51488
0.519226
0.511154
0.449921
0.476264
0.501169
0.508166
0.49574
0.499145
0.521244
0.480841
0.490218
0.502173
0.543453
0.48369
0.43515
0.404734
0.375461
0.389161
0.404893
0.38898
0.421518
0.432906
0.390995
0.391304
0.412346
0.388801
0.3918
0.406692
0.418472
0.414242
0.433327
0.400934
0.373778
0.388184
0.402241
0.414736
0.383795
0.363976
0.364053
0.363522
0.363431
0.393102
0.377444
0.357419
0.357454
0.363481
0.366118
0.370987
0.390017
0.402953
0.477891
0.429626
0.40314
0.379968
0.39641
0.407372
0.39208
0.434815
0.434974
0.487006
0.408205
0.397548
0.404503
0.451032
0.425932
0.407739
0.389406
0.391878
0.389198
0.397937
0.384875
0.405773
0.375024
0.394182
0.461422
0.414778
0.424944
0.439674
0.398283
0.404618
0.387781
0.388931
0.390299
0.386305
0.368532
0.371303
0.36617
0.361156
0.364166
0.356348
0.36983
0.366809
0.359009
0.35828
0.356278
0.357055
0.362326
0.361002
0.364674
0.359119
0.359976
0.370011
0.377816
0.363848
0.361672
0.403516
0.404248
0.404565
0.410212
0.393386
0.372197
0.379562
0.418462
0.37621
0.400083
0.396124
0.388391
0.388917
0.370805
0.362478
0.401234
0.367391
0.382824
0.421505
0.43767
0.398078
0.362712
0.380291
0.401298
0.36621
0.3622
0.357515
0.354963
0.387042
0.446392
0.391309
0.388013
0.41658
0.399835
0.416803
0.414216
0.407577
0.38294
0.387366
0.396968
0.390772
0.378618
0.372905
0.36461
0.373144
0.378656
0.370181
0.387318
0.416999
0.428458
0.423941
0.405422
0.510434
0.50697
0.393634
