0.543319
0.502718
0.494502
0.47413
0.483682
0.462648
0.498099
0.475796
0.478313
0.474417
0.476437
0.473095
0.470907
0.441711
0.472698
0.448351
0.45499
0.453127
0.437241
0.394141
0.443172
0.434459
0.411761
0.394302
0.404959
0.389998
0.391193
0.365206
0.352723
0.380405
0.372753
0.360818
0.375684
0.388461
0.38586
0.396468
0.408706
0.369594
0.368861
0.367446
0.347743
0.360855
0.438949
0.425736
0.406007
0.414617
0.408278
0.415155
0.440812
0.436755
0.483453
0.414723
0.436676
0.391377
0.412348
0.404538
0.386798
0.386268
0.407382
0.403859
0.421618
0.408716
0.371098
0.345107
0.34203
0.358066
0.348135
0.370069
0.459582
0.467428
0.437336
0.419249
0.424323
0.396269
0.371758
0.386521
0.404162
0.424192
0.461467
0.446102
0.417301
0.426823
0.397143
0.386382
0.398751
0.42484
0.408058
0.446561
0.43303
0.40482
0.440123
0.449539
0.376276
0.411488
0.403226
0.402403
0.431359
0.460837
0.431485
0.41589
0.384554
0.386494
0.405165
0.391256
0.4279
0.437818
0.384189
0.356958
0.393994
0.371753
0.383098
0.41376
0.40698
0.395946
0.415651
0.433302
0.435467
0.360051
0.376169
0.356265
0.402547
0.430928
0.433032
0.419938
0.43075
0.380636
0.419312
0.419619
0.4311
0.412021
0.365896
0.42282
0.45331
0.371228
0.414722
0.444615
0.428771
0.407711
0.392938
0.364685
0.353687
0.368696
0.364051
0.387719
0.392218
0.354312
0.376641
0.394183
0.364049
0.364466
0.371116
0.398267
0.406745
0.398145
0.395522
0.368017
0.370269
0.346427
0.359638
0.378849
0.356623
0.361493
0.383363
0.399373
0.408995
0.398049
0.396934
0.364206
0.355921
0.402007
0.458483
0.413118
0.403373
0.383213
0.392946
0.440001
0.450232
0.457356
0.47886
0.509143
0.368346
0.400321
0.384326
0.431869
0.451503
0.486853
0.40713
0.377831
0.367601
0.38904
0.387135
0.37318
0.401955
0.396291
0.390288
0.430187
0.418722
0.430852
0.449241
0.483662
0.475174
0.435936
0.412907
0.415715
0.397421
0.398681
0.401862
0.389954
0.417045
0.390721
0.373131
0.35504
0.355122
0.342221
0.353082
0.356712
0.364524
0.38103
0.367659
0.357703
0.380058
0.373394
0.394741
0.373952
0.374497
0.395598
0.426461
0.44544
0.482939
0.409196
0.411564
0.417211
0.415501
0.418429
0.382839
0.3545
0.376007
0.384856
0.374119
0.394056
0.385799
0.375969
0.345822
0.353363
0.374644
0.402019
0.358181
0.377007
0.383086
0.3806
0.441323
0.427732
0.386415
0.374707
0.439714
0.451297
0.507355
0.481816
0.49439
0.483003
0.385704
0.393951
0.406068
0.368465
0.377771
0.417506
0.377309
0.350375
0.347547
0.349699
0.401476
0.418601
0.377056
0.356951
0.398179
0.403311
0.373083
0.351455
0.347004
0.347599
0.366578
0.372659
0.371627
0.398297
0.391235
0.371408
0.400465
0.3764
0.392505
0.354843
0.357274
0.362818
0.376034
0.369742
0.36897
0.365806
0.388609
0.375608
0.375135
0.344157
0.372592
0.372531
0.374294
0.355134
0.383436
0.351304
0.345543
0.344904
0.390071
0.384492
0.375696
0.386136
0.380211
0.394534
0.400851
0.363642
0.378189
0.346505
0.369222
0.365519
0.384521
0.359209
0.375743
0.367162
0.354797
0.376432
0.429386
0.407667
0.406099
0.511554
0.423258
0.423862
0.400728
0.393997
0.400498
0.408533
0.352327
0.355209
0.350669
0.347646
0.350582
0.411703
0.398285
0.398981
0.381197
0.389502
0.361322
0.392163
0.405843
0.377008
0.395216
0.372573
0.387115
0.400511
0.396552
0.405748
0.402917
0.407083
0.390517
0.355717
0.356087
0.366233
0.362606
0.37159
0.382362
0.364577
0.357443
0.352723
0.359277
0.374572
0.389187
0.38559
0.373432
0.372656
0.373385
0.378963
0.391595
0.364647
0.424704
0.455337
0.418592
0.449235
0.434976
0.381024
0.390077
0.450558
0.406728
0.416616
0.409324
0.41363
0.366876
0.36136
0.402858
0.427462
0.464042
0.439691
0.485885
0.473716
0.429548
0.440504
0.429868
0.386023
0.412035
0.430017
0.419006
0.398232
0.392807
0.391215
0.40789
0.424859
0.462512
0.482227
0.450421
0.433645
0.467079
0.438056
0.384041
0.363007
0.403551
0.361043
0.371773
0.350606
0.345584
0.371242
0.382826
0.373696
0.365115
0.367479
0.375657
0.387903
0.390617
0.398872
0.349463
0.357565
0.371083
0.361867
0.351708
0.404378
0.411837
0.409469
0.371492
0.36926
0.384389
0.359907
0.364577
0.376253
0.363839
0.384221
0.390708
0.391137
0.400718
0.35834
0.392043
0.373183
0.419902
0.410625
0.391885
0.410319
0.438375
0.406173
0.399232
0.442794
0.461241
0.552817
0.463711
0.466606
0.36357
0.362048
0.358418
0.36757
0.363976
0.392221
0.405402
0.414815
0.410155
0.419908
0.395335
0.412615
0.396531
0.39499
0.453881
0.424639
0.386475
0.405227
0.385617
0.418024
0.42837
0.437198
0.426626
0.478254
0.471609
0.377951
0.358481
0.35046
0.355674
0.363184
0.381384
0.372558
0.386352
0.456185
0.506121
0.391589
0.409497
0.370243
0.37707
0.358461
0.376722
0.348736
0.368818
0.36217
0.393678
0.439399
0.427307
0.406349
0.388537
0.437778
0.415333
0.372314
0.393878
0.46786
0.433529
0.454982
0.481301
0.459396
0.384066
0.426117
0.428694
0.448851
0.362991
0.379445
0.416151
0.46883
0.401568
0.432047
0.418202
0.390029
0.382236
0.429404
0.399626
0.428265
0.375537
0.391051
0.406735
0.392381
0.386931
0.381471
0.382823
0.390316
0.391293
0.390179
0.368173
0.352688
0.393817
0.354681
0.377001
0.357152
0.372728
0.387139
0.40482
0.403404
0.408717
0.399312
0.37059
0.371318
0.350382
0.34286
0.371617
0.391503
0.384233
0.423627
0.406531
0.405847
0.409139
0.433313
0.391537
0.436275
0.510427
0.543715
0.408486
0.393111
0.400763
0.363037
0.351225
0.385359
0.391719
0.395606
0.372422
0.361769
0.381027
0.350684
0.38867
0.447963
0.443263
0.400529
0.391464
0.400304
0.398901
0.39372
0.374217
0.397387
0.394798
0.387157
0.398924
0.406454
0.439449
0.428657
0.448323
0.431786
0.435748
0.380327
0.364323
0.402521
0.420755
0.397794
0.450875
0.401954
0.392459
0.439889
0.443224
0.468249
0.514506
0.483475
0.543263
0.555299
0.441984
0.414291
0.43749
0.380889
0.434729
0.434754
0.398198
0.379237
0.403677
0.399728
0.396714
0.428315
0.400311
0.414281
0.414774
0.422173
0.438627
0.405938
0.363772
0.346546
0.367635
0.38202
0.395814
0.35611
0.402441
0.490625
0.424125
0.413822
0.474688
0.400305
0.388203
0.425034
0.387215
0.393025
0.409968
0.430383
0.42912
0.465191
0.439069
0.380784
0.388313
0.413484
0.413162
0.41612
0.434663
0.436725
0.462424
0.438653
0.455037
0.523808
0.549633
0.441628
0.405881
0.425185
0.433594
0.405155
0.418536
0.424808
0.373876
0.353542
0.37467
0.374122
0.394322
0.422965
0.379555
0.363115
0.380175
0.460014
0.444475
0.378899
0.405543
0.470966
0.493155
0.506693
0.4982
0.47721
0.44961
0.440617
0.405888
0.373517
0.374902
0.390483
0.359056
0.386888
0.400363
0.359317
0.364713
0.382157
0.36133
0.388942
0.397916
0.432922
0.428268
0.475326
0.444522
0.413827
0.446162
0.406897
0.433385
0.44442
0.448518
0.450971
0.456714
0.404681
0.411494
0.390712
0.359975
0.374908
0.369608
0.386717
0.382988
0.410899
0.386704
0.37397
0.374378
0.390399
0.459496
0.45334
0.460422
0.452067
0.382654
0.361034
0.397808
0.390888
0.398133
0.374485
0.351157
0.383199
0.362824
0.357911
0.351937
0.349654
0.371325
0.371835
0.415211
0.396399
0.392354
0.395906
0.413709
0.422795
0.461822
0.456813
0.455681
0.445874
0.444281
0.475999
0.481262
0.411773
0.450634
0.509008
0.419173
0.407969
0.421326
0.421964
0.423007
0.398218
0.38091
0.37388
0.397868
0.394664
0.413481
0.392099
0.401741
0.407431
0.350192
0.345296
0.372854
0.343986
0.344876
0.345869
0.342192
0.370794
0.376068
0.376582
0.37201
0.343622
0.347134
0.344038
0.355466
0.36102
0.398194
0.415103
0.41606
0.374431
0.371043
0.380873
0.442377
0.495923
0.410306
0.432962
0.407271
0.35105
0.375307
0.386746
0.407246
0.381607
0.363645
0.345762
0.366422
0.352926
0.405141
0.39586
0.409183
0.396469
0.394485
0.390788
0.422184
0.41386
0.424096
0.435698
0.451366
0.437138
0.384848
0.359869
0.364108
0.394885
0.440976
0.450327
0.45446
0.428197
0.482625
0.488185
0.506498
0.422614
0.409337
0.42005
0.435744
0.427553
0.400973
0.373374
0.422597
0.446922
0.428182
0.380069
0.389076
0.40864
0.383585
0.398598
0.412958
0.416551
0.452011
0.443641
0.44278
0.430485
0.472187
0.456309
0.426789
0.430156
0.42826
0.424804
0.451732
0.425882
0.390448
0.409168
0.442789
0.56982
0.50246
0.419201
0.441951
0.463815
0.448928
0.443884
0.440118
0.443014
0.425792
0.484875
0.474906
0.415882
0.457352
0.399001
0.438472
0.461719
0.365285
0.366142
0.423932
0.477393
0.449977
0.418414
0.408477
0.425694
0.438099
0.454368
0.507629
0.545846
0.504
0.474904
0.484514
0.446813
0.412027
0.42349
0.495734
0.449815
0.432449
0.439377
0.455468
0.468049
0.468296
0.485449
0.458441
0.467516
0.439298
0.365627
0.424421
0.43799
0.412461
0.442261
0.431693
0.400984
0.407398
0.499689
0.507947
0.523601
0.548573
0.390974
0.39778
0.407067
0.418129
0.427412
0.415129
0.406271
0.383229
0.352056
0.380452
0.390239
0.408442
0.3619
0.368122
0.4202
0.443717
0.423683
0.374963
0.383691
0.431512
0.383616
0.396569
0.345993
0.356114
0.367962
0.392867
0.431451
0.463235
0.564627
0.54234
0.505395
0.489665
0.487015
0.493442
0.527955
0.437176
0.422308
0.441219
0.46921
0.465365
0.488036
0.490414
0.469877
0.498273
0.521763
0.456355
0.495244
0.46106
0.453316
0.454609
0.394336
0.389647
0.39021
0.384293
0.420436
0.425889
0.424164
0.45649
0.455757
0.471942
0.427113
0.43427
0.459817
0.465617
0.472068
0.429094
0.398468
0.475271
0.455113
0.560413
0.392045
0.364991
0.367398
0.34961
0.351857
0.378022
0.378951
0.42595
0.42641
0.434302
0.426293
0.499988
0.513455
0.44716
0.508861
0.484272
0.465966
0.448229
0.472386
0.433215
0.480135
0.504994
0.481487
0.500573
0.492346
0.521527
0.460328
0.381898
0.398651
0.416188
0.399731
0.399035
0.422602
0.392948
0.401487
0.371709
0.364163
0.378399
0.361405
0.373711
0.434337
0.403451
0.397055
0.423274
0.439868
0.41889
0.414116
0.391008
0.388775
0.42369
0.428701
0.398547
0.390149
0.372526
0.364179
0.363438
0.362249
0.357191
0.362294
0.360458
0.372454
0.385123
0.403352
0.384493
0.393373
0.394943
0.381859
0.377837
0.402607
0.397968
0.385579
0.361797
0.385903
0.399237
0.411043
0.410279
0.38747
0.384875
0.369658
0.376627
0.41317
0.425234
0.465198
0.433902
0.374737
0.413568
0.403917
0.388859
0.385148
0.390236
0.392948
0.398794
