0.544092
0.500957
0.494661
0.474172
0.483516
0.462535
0.49809
0.477391
0.476654
0.473622
0.477222
0.47339
0.47175
0.441826
0.47235
0.446698
0.455098
0.451832
0.442392
0.392859
0.441185
0.4389
0.410451
0.394792
0.40394
0.391628
0.391634
0.365855
0.351888
0.380351
0.373489
0.360009
0.374626
0.389
0.386291
0.396169
0.4087
0.370186
0.368071
0.367548
0.348311
0.360387
0.437507
0.426397
0.406396
0.414886
0.408524
0.41531
0.441391
0.436738
0.485387
0.409859
0.437693
0.391819
0.412859
0.403759
0.385697
0.38684
0.409033
0.405248
0.421064
0.407051
0.369618
0.344167
0.343089
0.357359
0.347887
0.372345
0.460128
0.469395
0.435666
0.419096
0.424027
0.395923
0.371898
0.386669
0.404202
0.425099
0.460913
0.445996
0.417312
0.426372
0.398179
0.386024
0.39854
0.425035
0.407877
0.447254
0.429086
0.406093
0.449281
0.43959
0.373552
0.413403
0.417855
0.388676
0.440591
0.453094
0.43627
0.406867
0.370833
0.407884
0.377854
0.426406
0.423419
0.42527
0.360693
0.372994
0.39253
0.364363
0.411699
0.398516
0.408709
0.403091
0.441355
0.436438
0.369169
0.369637
0.361177
0.390751
0.434962
0.432623
0.420317
0.430909
0.380963
0.419118
0.419643
0.431016
0.411696
0.366465
0.422917
0.453052
0.370983
0.415614
0.444926
0.4271
0.407275
0.392795
0.363447
0.354363
0.36824
0.364654
0.387972
0.392425
0.353384
0.37713
0.394554
0.36313
0.365031
0.371606
0.397464
0.407961
0.400964
0.391333
0.368193
0.370511
0.346067
0.359738
0.379569
0.355141
0.363302
0.382283
0.399943
0.409791
0.39748
0.396171
0.364049
0.355756
0.405379
0.458756
0.410898
0.404399
0.382196
0.393534
0.44008
0.451043
0.457053
0.479156
0.509137
0.368627
0.40283
0.382267
0.440022
0.452175
0.480095
0.398877
0.375853
0.368969
0.391351
0.38384
0.373709
0.41635
0.373821
0.427106
0.415042
0.424839
0.434483
0.468624
0.475646
0.467773
0.412649
0.421622
0.396165
0.401034
0.403252
0.393022
0.405078
0.39938
0.377414
0.356344
0.355431
0.342904
0.352128
0.356648
0.364485
0.381151
0.367405
0.357855
0.379958
0.37342
0.394799
0.373835
0.374571
0.395394
0.427119
0.445527
0.482889
0.409032
0.411546
0.41702
0.416289
0.417955
0.381779
0.354123
0.376456
0.38478
0.374432
0.394028
0.387668
0.373933
0.345594
0.35325
0.375789
0.400871
0.358314
0.377279
0.382925
0.380773
0.442353
0.427351
0.386226
0.374637
0.439728
0.451482
0.507397
0.481625
0.494617
0.482096
0.385971
0.394078
0.405273
0.368484
0.377811
0.41843
0.376404
0.350348
0.347582
0.349562
0.401503
0.418287
0.377596
0.356713
0.398468
0.404573
0.36773
0.351256
0.347438
0.349883
0.365526
0.372887
0.373811
0.407072
0.377426
0.383329
0.393411
0.381023
0.382447
0.350934
0.36634
0.356882
0.383747
0.371553
0.36286
0.373678
0.392096
0.37242
0.354587
0.352425
0.376132
0.38117
0.357691
0.378182
0.355687
0.349949
0.343752
0.368277
0.399963
0.37388
0.385496
0.383643
0.38187
0.407093
0.369744
0.373604
0.352898
0.360495
0.371675
0.377093
0.365489
0.375346
0.364687
0.358228
0.37524
0.426525
0.408946
0.405606
0.511882
0.42304
0.42441
0.400054
0.395287
0.400611
0.408688
0.352217
0.355116
0.351116
0.347917
0.349803
0.410555
0.398691
0.398474
0.382364
0.38905
0.361641
0.393486
0.403625
0.377402
0.395651
0.369576
0.391316
0.397569
0.401959
0.400251
0.403211
0.409566
0.382484
0.34925
0.365302
0.368102
0.36117
0.377074
0.376967
0.355052
0.363498
0.343681
0.373538
0.375594
0.392491
0.387805
0.370831
0.358717
0.386681
0.389175
0.370995
0.396601
0.453398
0.427543
0.450238
0.437868
0.38478
0.39532
0.435276
0.415666
0.416847
0.407144
0.415031
0.367774
0.362851
0.396266
0.432466
0.457191
0.442242
0.48353
0.473847
0.429503
0.440555
0.429841
0.386097
0.412149
0.42984
0.419238
0.398039
0.393572
0.391026
0.407521
0.424377
0.462699
0.482043
0.451339
0.43268
0.466675
0.439348
0.385357
0.362641
0.4031
0.361289
0.371862
0.349737
0.345789
0.373087
0.383694
0.371563
0.365591
0.367166
0.379001
0.388512
0.40335
0.374492
0.347809
0.361478
0.379176
0.346934
0.374287
0.414422
0.411768
0.3856
0.368893
0.38319
0.364608
0.365483
0.374308
0.362149
0.384056
0.384158
0.391369
0.405606
0.359341
0.390468
0.373614
0.405794
0.424259
0.384036
0.408438
0.441766
0.409925
0.397516
0.440155
0.461414
0.552903
0.462732
0.452223
0.361469
0.364723
0.353801
0.371947
0.367535
0.404044
0.408214
0.409371
0.425045
0.401884
0.405632
0.396223
0.3987
0.436533
0.424798
0.398001
0.409432
0.380979
0.418659
0.428656
0.437044
0.426496
0.47823
0.471295
0.377233
0.358804
0.350518
0.355918
0.36303
0.382233
0.371538
0.386476
0.457947
0.504097
0.392844
0.408522
0.36974
0.376905
0.358491
0.376682
0.348755
0.368789
0.361977
0.397139
0.437436
0.426736
0.406453
0.389583
0.43731
0.414715
0.372069
0.395362
0.468019
0.43272
0.455169
0.481732
0.458805
0.38391
0.426361
0.429586
0.446871
0.362449
0.379844
0.417013
0.46881
0.40158
0.432021
0.418398
0.390003
0.382189
0.429429
0.399662
0.428325
0.372954
0.39416
0.405822
0.390442
0.388148
0.375586
0.39316
0.382378
0.392175
0.39522
0.356516
0.359816
0.387919
0.351483
0.377703
0.36428
0.371227
0.405022
0.410414
0.393547
0.42015
0.36945
0.372637
0.356948
0.343752
0.358943
0.391448
0.388681
0.411645
0.413739
0.403918
0.405366
0.435017
0.394445
0.432216
0.506456
0.544545
0.408469
0.393062
0.400779
0.363075
0.35108
0.384781
0.392337
0.395639
0.372463
0.361865
0.381046
0.350829
0.386784
0.449234
0.443751
0.400676
0.391463
0.400522
0.399737
0.391549
0.373307
0.400528
0.393152
0.387099
0.399426
0.406285
0.443569
0.424191
0.450187
0.430786
0.434296
0.379296
0.368588
0.402976
0.419985
0.397589
0.449514
0.401981
0.394905
0.43804
0.445911
0.468701
0.513891
0.483488
0.543161
0.555357
0.441969
0.414485
0.43709
0.381067
0.434482
0.435531
0.398105
0.37945
0.402221
0.400993
0.395914
0.429628
0.399532
0.415403
0.414224
0.422465
0.439309
0.404996
0.363753
0.346207
0.367736
0.382028
0.395892
0.355937
0.404126
0.49069
0.423172
0.414194
0.474974
0.399855
0.388362
0.425235
0.387197
0.393562
0.409072
0.432372
0.427466
0.466372
0.438106
0.380162
0.39087
0.4126
0.411045
0.417121
0.434876
0.436949
0.462684
0.439255
0.454697
0.523812
0.549612
0.441601
0.405604
0.42625
0.433088
0.4053
0.418473
0.424872
0.373834
0.353684
0.374504
0.37437
0.394387
0.422981
0.379701
0.363071
0.380064
0.460046
0.444906
0.379341
0.404835
0.472181
0.492361
0.506651
0.499141
0.476494
0.449755
0.4386
0.405097
0.374315
0.374389
0.389973
0.358783
0.389329
0.39876
0.358317
0.365724
0.381608
0.361306
0.389597
0.399778
0.431148
0.429498
0.478212
0.441894
0.413669
0.445993
0.407273
0.433208
0.444797
0.448449
0.451229
0.456557
0.404705
0.411805
0.390443
0.359974
0.374946
0.369632
0.38667
0.383374
0.410224
0.386522
0.37636
0.374559
0.398572
0.455616
0.461044
0.438187
0.463157
0.362214
0.374696
0.395828
0.393887
0.390598
0.363889
0.366929
0.366079
0.36338
0.361196
0.346161
0.362297
0.364199
0.406413
0.406705
0.389426
0.39413
0.411049
0.418082
0.460465
0.452316
0.460344
0.441986
0.44238
0.473547
0.48769
0.410811
0.449077
0.508515
0.420752
0.40655
0.420269
0.423415
0.422832
0.392353
0.381264
0.372358
0.402271
0.396354
0.411098
0.390941
0.410183
0.383924
0.34467
0.358821
0.360268
0.341697
0.347577
0.341843
0.352037
0.381291
0.378079
0.377554
0.346755
0.348102
0.343551
0.349227
0.362949
0.393535
0.407782
0.422982
0.376692
0.366303
0.383115
0.438563
0.495665
0.411557
0.431299
0.399153
0.35153
0.381238
0.392628
0.403787
0.379722
0.350814
0.352196
0.359841
0.378235
0.400084
0.403155
0.400176
0.392309
0.390256
0.422246
0.39771
0.439501
0.423378
0.447206
0.454974
0.380509
0.371739
0.364291
0.382886
0.44308
0.446717
0.451312
0.42619
0.484893
0.485309
0.507404
0.422119
0.409811
0.421807
0.433689
0.427762
0.399697
0.372852
0.426488
0.444957
0.427448
0.380045
0.390376
0.40657
0.383586
0.399952
0.412781
0.416887
0.45249
0.443346
0.443057
0.43052
0.472295
0.45617
0.427185
0.429852
0.428196
0.424891
0.451558
0.425952
0.390541
0.409053
0.442415
0.569662
0.502952
0.419599
0.440822
0.464807
0.447618
0.445018
0.440221
0.442997
0.425272
0.482965
0.477929
0.416037
0.456925
0.399057
0.438762
0.46132
0.365181
0.366082
0.425384
0.47667
0.449967
0.41916
0.407567
0.425644
0.438045
0.454708
0.507473
0.54575
0.503914
0.474722
0.484799
0.446736
0.411775
0.42346
0.495853
0.449651
0.43283
0.439708
0.455024
0.467542
0.468966
0.486486
0.457488
0.467929
0.4384
0.365622
0.425573
0.437877
0.412853
0.44159
0.431292
0.400624
0.408175
0.500577
0.507003
0.523993
0.548639
0.394232
0.395842
0.41531
0.421681
0.417585
0.406229
0.383166
0.351993
0.380458
0.390538
0.408033
0.361885
0.36814
0.420666
0.443295
0.423615
0.374917
0.384477
0.431216
0.382755
0.396929
0.345899
0.356475
0.368034
0.393285
0.430896
0.463556
0.564162
0.542698
0.505318
0.489512
0.487253
0.493279
0.527975
0.438111
0.422294
0.441112
0.469087
0.465396
0.487983
0.490356
0.469989
0.498298
0.521772
0.456415
0.49513
0.461062
0.452826
0.455092
0.394528
0.389476
0.390348
0.384358
0.420169
0.426159
0.423444
0.45629
0.456473
0.471911
0.426434
0.434333
0.461062
0.464996
0.472169
0.428536
0.399563
0.474834
0.455288
0.560475
0.389589
0.366884
0.363956
0.350167
0.352255
0.378098
0.379304
0.430317
0.42563
0.434407
0.426699
0.500844
0.514006
0.450367
0.508334
0.485836
0.461637
0.449759
0.47136
0.432033
0.483992
0.501575
0.482292
0.501208
0.492353
0.52204
0.460607
0.381619
0.398081
0.416898
0.400051
0.398506
0.422288
0.393314
0.401958
0.372264
0.363751
0.378633
0.361052
0.37318
0.432083
0.406966
0.396592
0.420722
0.44156
0.416781
0.416119
0.390789
0.389119
0.424121
0.429302
0.397323
0.390052
0.372415
0.36395
0.363323
0.362055
0.357822
0.362058
0.362005
0.370406
0.391112
0.405717
0.37718
0.396657
0.395655
0.37711
0.379476
0.412499
0.387969
0.385351
0.361003
0.396965
0.393375
0.411121
0.408843
0.387987
0.383513
0.369767
0.376634
0.41472
0.424819
0.465369
0.43224
0.380299
0.40988
0.403014
0.389246
0.385566
0.389698
0.393394
0.3988
