0.451108
0.604621
0.543833
0.581914
0.577255
0.583857
0.539958
0.475419
0.472242
0.457188
0.505823
0.55158
0.472241
0.483351
0.463797
0.453997
0.446904
0.504841
0.492186
0.440525
0.525758
0.485762
0.521128
0.462482
0.457515
0.468616
0.436293
0.426267
0.481175
0.487901
0.48464
0.501699
0.492066
0.504346
0.501085
0.488528
0.508205
0.469341
0.461027
0.486196
0.427444
0.486095
0.492298
0.495803
0.484397
0.465917
0.473078
0.462588
0.480586
0.464568
0.483795
0.490519
0.48927
0.497523
0.446033
0.459711
0.452843
0.483409
0.480903
0.47049
0.478856
0.469035
0.479339
0.471665
0.480589
0.457883
0.45276
0.435237
0.448535
0.422966
0.447053
0.482209
0.486589
0.472123
0.48121
0.442635
0.448473
0.453919
0.449623
0.43588
0.44807
0.492466
0.436356
0.405055
0.454942
0.492614
0.462569
0.471067
0.441505
0.439273
0.428257
0.479533
0.427043
0.459531
0.461769
0.410942
0.3951
0.373693
0.388301
0.406002
0.393464
0.411527
0.418485
0.4278
0.448308
0.494906
0.456897
0.493471
0.443342
0.415629
0.392692
0.404372
0.415192
0.401893
0.412967
0.412048
0.420508
0.403449
0.377811
0.383863
0.400104
0.40688
0.42437
0.388159
0.400945
0.401658
0.407481
0.400745
0.421429
0.38012
0.374638
0.379697
0.389171
0.422202
0.403267
0.372608
0.372406
0.355684
0.367555
0.382309
0.372551
0.357036
0.342386
0.351664
0.349891
0.354292
0.351712
0.373504
0.374117
0.3774
0.390545
0.382791
0.379988
0.396977
0.382811
0.364817
0.354249
0.359199
0.351207
0.349168
0.36583
0.367909
0.3702
0.360619
0.367311
0.38043
0.375954
0.40276
0.395398
0.377021
0.377979
0.384796
0.404953
0.3806
0.373153
0.385119
0.389255
0.400318
0.383945
0.392122
0.396915
0.418129
0.392587
0.396682
0.384841
0.436923
0.401741
0.422788
0.387276
0.370049
0.375414
0.371132
0.356177
0.346638
0.358801
0.372273
0.371054
0.383247
0.388526
0.372766
0.388411
0.353854
0.344511
0.34526
0.350601
0.348771
0.356349
0.344853
0.340535
0.346791
0.355339
0.363431
0.37908
0.387624
0.39687
0.417382
0.461381
0.474919
0.466226
0.387163
0.412068
0.450819
0.418007
0.449332
0.387312
0.423501
0.407203
0.388853
0.424546
0.406606
0.436569
0.430593
0.409715
0.381393
0.373912
0.398352
0.423978
0.410137
0.403315
0.412087
0.416421
0.406855
0.435643
0.426409
0.403574
0.423911
0.421727
0.403049
0.428105
0.426765
0.43881
0.440948
0.465517
0.446108
0.413107
0.411241
0.438979
0.473995
0.462044
0.490072
0.471118
0.465276
0.503787
0.493835
0.436877
0.418484
0.388718
0.376744
0.390116
0.447688
0.436639
0.44512
0.468118
0.411506
0.418653
0.394325
0.379656
0.369297
0.389429
0.410253
0.427677
0.424622
0.393205
0.409351
0.419937
0.410793
0.410097
0.398553
0.376151
0.374665
0.3823
0.376337
0.408314
0.385097
0.38258
0.384417
0.39602
0.400873
0.370354
0.412135
0.431696
0.396423
0.389133
0.41214
0.398093
0.406565
0.404273
0.411253
0.397183
0.426851
0.391701
0.440426
0.434182
0.414388
0.427803
0.406561
0.413633
0.402326
0.396483
0.389216
0.386014
0.364747
0.367042
0.358591
0.361054
0.346246
0.343176
0.338986
0.340283
0.335506
0.335486
0.342369
0.344437
0.344888
0.365159
0.372392
0.365029
0.3527
0.343052
0.338895
0.341133
0.350168
0.346013
0.35846
0.358374
0.373043
0.357459
0.355537
0.369183
0.416456
0.404919
0.506593
0.477359
0.482734
0.438987
0.468261
0.46004
0.474026
0.464376
0.477455
0.467755
0.446692
0.455055
0.389219
0.420552
0.443829
0.400413
0.415227
0.423739
0.409116
0.415742
0.420968
0.420654
0.433102
0.43098
0.402251
0.412694
0.413248
0.385385
0.368585
0.368654
0.358958
0.379677
0.382664
0.369203
0.388033
0.375965
0.375834
0.395714
0.39461
0.408313
0.381984
0.402902
0.410034
0.401902
0.452471
0.42917
0.428779
0.397985
0.401753
0.471449
0.462469
0.425252
0.412707
0.508619
0.50485
0.449994
0.430364
0.442077
0.446481
0.441529
0.411927
0.417971
0.419737
0.411765
0.402963
0.413366
0.434409
0.438872
0.422496
0.432243
0.426559
0.413092
0.373168
0.390791
0.361799
0.364988
0.383136
0.401816
0.401838
0.390732
0.390166
0.419796
0.398641
0.402273
0.381439
0.434582
0.415185
0.44021
0.438509
0.399724
0.426954
0.435208
0.397405
0.37181
0.410182
0.432073
0.449051
0.445356
0.490223
0.416193
0.468454
0.479806
0.44996
0.38598
0.381595
0.395383
0.413018
0.391789
0.421525
0.402403
0.412092
0.446908
0.422867
0.45405
0.464714
0.505735
0.46139
0.433671
0.447603
0.399527
0.395331
0.354901
0.352399
0.376205
0.40254
0.389528
0.465539
0.425153
0.39126
0.385887
0.4002
0.387878
0.386429
0.40156
0.440052
0.471371
0.4091
0.394266
0.366767
0.370645
0.402069
0.478732
0.419997
0.396882
0.45889
0.456179
0.438203
0.467585
0.483212
0.45902
0.396244
0.469062
0.426752
0.436955
0.428457
0.423307
0.450642
0.412502
0.397339
0.395502
0.408476
0.402093
0.390003
0.37063
0.351627
0.356068
0.37604
0.40385
0.394673
0.401965
0.412708
0.431584
0.398523
0.395339
0.387676
0.359313
0.350442
0.380892
0.43082
0.434932
0.491824
0.391438
0.413083
0.388093
0.455037
0.405254
0.442214
0.424123
0.471685
0.445815
0.397655
0.407103
0.392023
0.367678
0.356436
0.361951
0.354516
0.349175
0.352807
0.366382
0.364315
0.395408
0.398441
0.414306
0.397516
0.397305
0.388191
0.362101
0.356758
0.354479
0.360948
0.373041
0.377629
0.384077
0.419516
0.428786
0.397144
0.427832
0.430829
0.384353
0.374726
0.379584
0.414254
0.429497
0.436848
0.42029
0.39806
0.383524
0.373965
0.403894
0.391476
0.401782
0.41746
0.42483
0.442717
0.452609
0.426898
0.470946
0.399599
0.416593
0.442918
0.433321
0.473037
0.430755
0.397369
0.381405
0.361219
0.355794
0.348641
0.353295
0.344683
0.371845
0.384683
0.382876
0.396743
0.364442
0.355269
0.359199
0.347652
0.354767
0.353384
0.366946
0.390537
0.424843
0.477164
0.466706
0.418021
0.40911
0.456751
0.406078
0.4305
0.402386
0.405918
0.422869
0.420585
0.447064
0.447734
0.466558
0.470614
0.417919
0.412235
0.434444
0.415652
0.417573
0.41531
0.436265
0.449787
0.4347
0.420228
0.39712
0.382506
0.3583
0.357914
0.399053
0.424316
0.434041
0.43944
0.417612
0.394027
0.379459
0.386608
0.409613
0.45125
0.465604
0.433272
0.429136
0.432429
0.444656
0.419024
0.426927
0.449663
0.422943
0.395456
0.379433
0.366858
0.35287
0.367076
0.361788
0.370801
0.399467
0.412283
0.429215
0.450115
0.42892
0.432709
0.50569
0.484142
0.428154
0.421829
0.374876
0.3516
0.363888
0.38462
0.389252
0.36405
0.368317
0.378209
0.435149
0.46284
0.460961
0.468418
0.451103
0.412957
0.438053
0.452282
0.461091
0.437126
0.420245
0.399037
0.412248
0.388531
0.4081
0.43233
0.417262
0.389765
0.399779
0.425398
0.390272
0.375814
0.373783
0.37556
0.380458
0.356846
0.360754
0.347645
0.345209
0.352594
0.350636
0.356086
0.364671
0.36019
0.38125
0.37649
0.367815
0.357629
0.353885
0.352789
0.362501
0.380147
0.372493
0.377338
0.406477
0.395546
0.372863
0.383789
0.384582
0.395066
0.402482
0.400755
0.380123
0.3751
0.358532
0.355202
0.347795
0.341951
0.352919
0.381913
0.363632
0.375034
0.39972
0.379656
0.428503
0.381548
0.390027
0.393144
0.383282
0.367338
0.367331
0.357133
0.354112
0.360973
0.362475
0.364346
0.363332
0.363473
0.365341
0.35436
0.359461
0.366917
0.396406
0.394546
0.392986
0.392899
0.389209
0.408991
0.404193
0.399095
0.414562
0.420426
0.398274
0.411446
0.399021
0.416886
0.380618
0.392613
0.417649
0.387068
0.3966
0.391889
0.390245
0.383496
0.378182
0.371687
0.367386
0.362322
0.358815
0.373684
0.364566
0.370827
0.377949
0.365763
0.350165
0.338708
0.341795
0.345531
0.354107
0.370685
0.365049
0.349714
0.363447
0.349657
0.3554
0.375012
0.379665
0.397728
0.388173
0.394214
0.360072
0.34739
0.338212
0.342838
0.341195
0.337717
0.359089
0.382236
0.384997
0.38315
0.403396
0.398616
0.378977
0.355457
0.373746
0.398069
0.397358
0.412898
0.411663
0.398648
0.438522
0.403311
0.393051
0.409682
0.401665
0.375576
0.373462
0.430075
0.415915
0.387739
0.407387
0.420205
0.404872
0.371348
0.362804
0.369072
0.374697
0.361939
0.356247
0.350186
0.341621
0.368703
0.359253
0.358988
0.358001
0.377758
0.392993
0.401744
0.427192
0.453538
0.410801
0.477507
0.469713
0.471724
0.500733
0.451592
0.395644
0.381538
0.389222
0.388063
0.400759
0.408632
0.386657
0.417594
0.406291
0.400694
0.371322
0.368637
0.375252
0.403375
0.3995
0.411264
0.374119
0.37897
0.400663
0.412349
0.408887
0.456075
0.459317
0.461737
0.482659
0.456072
0.455924
0.42705
0.440872
0.453668
0.456188
0.469018
0.454555
0.447998
0.465358
0.46694
0.486826
0.485125
0.497678
0.485427
0.524228
0.547368
0.488794
0.502907
0.374252
0.363982
0.363404
0.36816
0.371974
0.385051
0.39383
0.394956
0.399725
0.427966
0.417002
0.387187
0.372676
0.37225
0.37257
0.392085
0.407667
0.440429
0.439962
0.479218
0.488397
0.475312
0.444152
0.435355
0.414326
0.495917
0.518557
0.47309
0.487344
0.459393
0.43778
0.396597
0.430791
0.393386
0.377075
0.389207
0.370574
0.371957
0.36469
0.392772
0.379793
0.363793
0.367347
0.365875
0.361188
0.382201
0.381789
0.420038
0.386878
0.374162
0.396944
0.379854
0.382099
0.382912
0.393979
0.390566
0.367644
0.374904
0.366291
0.366411
0.375373
0.390007
0.391472
0.425108
0.427869
0.442105
0.393073
0.398316
0.383395
0.364916
0.358362
0.366774
0.386845
0.41465
0.424897
0.457955
0.450089
0.423123
0.425533
0.394471
0.420176
0.416943
0.394487
0.415933
0.446084
0.448814
0.409641
0.433409
0.416925
0.445386
0.44322
0.430939
0.445833
0.467379
0.458735
0.450152
0.502898
0.480958
0.488038
0.496262
0.544627
0.389956
0.455572
0.4879
0.498421
0.468546
0.437537
0.439576
0.420177
0.414108
0.428367
0.393661
0.404647
0.436494
0.401415
0.442803
0.448992
0.385175
0.409111
0.392867
0.384752
0.386194
0.410474
0.402851
0.402854
0.388524
0.391719
0.411428
0.406473
0.395513
0.398518
0.409846
0.4257
0.384977
0.390354
0.379161
0.388547
0.405988
0.400223
0.375896
0.374007
0.40654
0.416815
0.456963
0.431007
0.420219
0.405115
0.374612
0.368494
0.385329
0.433986
0.353859
0.357203
0.362396
0.358113
0.364871
0.360221
0.353041
0.347984
0.349073
0.346293
0.357806
0.360724
0.358733
0.352057
0.33562
0.340598
0.342067
0.352523
0.340305
0.34139
0.349198
0.353441
0.362245
0.359106
0.369383
0.350799
0.347984
0.357312
0.372861
0.361746
0.346055
0.344707
0.344345
0.355312
0.353343
0.354285
0.374736
0.379936
0.375206
0.380735
0.389155
0.388532
0.375829
0.40408
0.380418
0.366338
0.348614
0.343941
0.346981
0.352762
0.357677
0.359207
0.368443
0.363863
0.381496
0.379254
0.396864
0.373832
0.399021
0.374933
0.351716
0.366337
0.372112
0.388987
0.388335
0.384641
0.408287
0.397715
0.397543
0.359129
0.365926
0.385755
0.373675
0.367483
0.370105
0.369947
0.360659
0.390001
0.407764
0.400648
0.413213
0.383773
0.371954
0.395507
0.401544
0.428992
0.460126
0.43144
0.42588
0.446122
0.41204
0.450867
0.483457
0.480465
0.480508
0.462029
0.48826
0.480527
0.492936
0.440409
0.401356
0.383071
0.394136
0.386466
0.387635
0.389469
0.417222
0.448961
0.429742
0.446716
0.412588
0.402739
0.398099
0.414545
0.388781
0.412853
0.422591
0.430851
0.428125
0.420197
0.419655
0.418643
0.418751
0.413119
0.381384
0.403863
0.393676
0.378831
0.354199
0.350513
0.347762
0.358254
0.365503
0.35011
0.368357
0.355958
0.361898
0.389097
0.403792
0.387272
0.396266
0.405521
0.373654
0.364445
0.365338
0.392701
0.369718
0.377524
0.364464
0.3798
0.39718
0.404314
0.396728
0.388132
0.387014
0.371283
0.383367
0.387198
0.394241
0.407327
0.385608
0.385411
0.369559
0.352259
0.350466
0.342017
0.345387
0.353711
0.345953
0.339811
0.351276
0.343637
0.349593
0.366025
0.362762
0.371278
0.359713
0.365128
0.398275
0.407189
0.408605
0.39426
0.395637
0.39668
0.393238
0.364945
0.353069
0.358764
0.355519
0.349497
0.356805
0.354728
0.382896
0.411967
0.387731
0.365863
0.383621
0.39514
0.398293
0.373692
0.377398
0.370343
0.397009
0.379228
0.389638
0.433269
0.442107
0.493601
0.436549
0.412201
0.42632
0.437139
0.436277
0.413697
0.420128
0.397148
0.390751
0.382354
0.376297
0.376638
0.366548
0.369026
0.366875
0.373303
0.398804
0.389037
0.446815
0.459855
0.475009
0.434906
0.494963
0.457798
0.426624
0.451236
0.426807
0.410772
0.555753
0.542431
0.542556
0.493079
0.482323
0.5114
0.515389
0.455142
0.457849
0.431232
0.48022
0.513806
0.483739
0.531369
0.510422
0.532311
0.500236
0.454862
0.467878
0.423333
0.395779
0.398349
0.368802
0.370385
0.390876
0.393292
0.399548
0.382409
0.392309
0.3998
0.419492
0.401544
0.402743
0.430637
0.376081
0.378463
0.363178
0.362427
0.367324
0.370266
0.379606
0.373275
0.38038
0.388503
0.373102
0.373667
0.39908
0.41697
0.424988
0.435192
0.437319
0.392227
0.395578
0.361436
0.354173
0.356125
0.346342
0.343904
0.348758
0.356927
0.355363
0.345585
0.35426
0.341196
0.348766
0.348865
0.345508
0.341796
0.346695
0.34904
0.360416
0.366427
0.379244
0.414206
0.425689
0.418397
0.394401
0.419058
0.433035
0.432416
0.412743
0.407219
0.406821
0.379166
0.364709
0.353461
0.356678
0.362244
0.354662
0.353706
0.350373
0.363972
0.367892
0.379796
0.396999
0.387317
0.413916
0.408066
0.403991
0.401053
0.415989
0.411916
0.397719
0.392126
0.399131
0.415717
0.425737
0.382452
0.360192
0.351952
0.345354
0.346352
0.346471
0.352525
0.355096
0.356825
0.353254
0.350614
0.348589
0.339419
0.343086
0.349602
0.346208
0.344326
0.346146
0.351708
0.376557
0.368451
0.371853
0.364215
0.35172
0.357574
0.353418
0.397805
0.386124
0.368474
0.361422
0.376225
0.37487
0.376258
0.369355
0.377073
0.395989
0.402953
0.400833
0.414819
0.42033
0.390728
0.395325
0.385293
0.364559
0.356369
0.375949
0.352094
0.38377
0.38927
0.403587
0.414313
0.415325
0.385422
0.38382
0.377728
0.37456
0.368211
0.371563
0.389962
0.397032
0.3913
0.407926
0.383559
0.382691
0.361597
0.355546
0.34835
0.351477
0.357276
0.350995
0.341161
0.348625
0.367196
0.378201
0.373027
0.37296
0.362345
0.353003
0.352756
0.358628
0.357646
0.38572
0.399452
0.378666
0.390106
0.368314
0.36345
0.366868
0.359832
0.386187
0.380871
0.370854
0.354213
0.352657
0.367813
0.369413
0.372232
0.362259
0.357349
0.371029
0.398499
0.401117
0.381427
0.391102
0.393445
0.403763
0.362261
0.352699
0.366196
0.397079
0.382953
0.368583
0.364982
0.362099
0.349539
0.339752
0.341683
0.347503
0.342291
0.345974
0.362526
0.390371
0.382164
0.381031
0.366381
0.36255
0.377497
0.382801
0.373538
0.377528
0.378156
0.393907
0.360944
0.360969
0.356158
0.35599
0.347756
0.350655
0.365009
0.375647
0.392097
0.412254
0.373747
0.363474
0.353339
0.349786
0.339035
0.371961
0.342343
0.343476
0.34723
0.346545
0.345283
0.345174
0.343049
0.344765
0.34048
0.351512
0.344804
0.360133
0.362402
0.391388
0.41411
0.422312
0.410868
0.394498
0.384207
0.368234
0.364625
0.366989
0.384899
0.379035
0.373964
0.373526
0.383895
0.401248
0.393941
0.376283
0.375361
0.403094
0.392241
0.377466
0.368634
0.359699
0.385621
0.355835
0.411812
0.4122
0.407241
0.397013
0.426061
0.411183
0.387004
0.383031
0.37194
0.371326
0.359096
0.36078
0.355097
0.357655
0.371352
0.394372
0.388746
0.378835
0.359091
0.344547
0.349383
0.337796
0.341723
0.360796
0.376723
0.36096
0.353522
0.394174
0.401679
0.371814
0.349691
0.351299
0.353521
0.357601
0.370594
0.398117
0.398555
0.397699
0.383397
0.35293
0.344453
0.358226
0.356885
0.379495
0.398868
0.372968
0.367359
0.360129
0.360736
0.359258
0.367687
0.366915
0.381248
0.358332
0.349773
0.352428
0.35652
0.356891
0.358093
0.368155
0.377824
0.388033
0.39007
0.420696
0.42465
0.426075
0.436559
0.438971
0.411492
0.407961
0.423081
0.408108
0.387605
0.397908
0.413745
0.380263
0.4008
0.437024
0.509978
0.528378
0.565358
0.505211
0.45586
0.443797
0.446167
0.43408
0.400238
0.397554
0.423075
0.417157
0.444457
0.433954
0.405303
0.406194
0.388478
0.384583
0.40131
0.408671
0.442523
0.43776
0.399988
0.373328
0.357724
0.351559
0.375768
0.401781
0.435003
0.42423
0.388986
0.395638
0.406463
0.441763
0.42322
0.367485
0.361959
0.346248
0.349861
0.349543
0.352098
0.352692
0.362592
0.354906
0.351135
0.354755
0.35531
0.349241
0.353754
0.350428
0.344654
0.353556
0.351761
0.343639
0.344769
0.345848
0.345584
0.351759
0.344563
0.351955
0.352015
0.376009
0.422203
0.44453
0.424666
0.382757
0.401964
0.390114
0.411716
0.402439
0.380805
0.389384
0.405592
0.378572
0.39996
0.412615
0.415847
0.377415
0.378631
0.366113
0.38962
0.382621
0.375712
0.371283
0.3824
0.429122
0.389283
0.366483
0.363149
0.359499
0.355763
0.370665
0.368394
0.356121
0.351308
0.350542
0.37644
0.385236
0.387331
0.404183
0.407306
0.396395
0.407092
0.41858
0.403932
0.40426
0.377527
0.381048
0.386196
0.370508
0.371617
0.38202
0.378695
0.406956
0.406899
0.395213
0.387365
0.358314
0.372451
0.377454
0.375169
0.363785
0.387741
0.404161
0.392472
0.383964
0.392821
0.399436
0.41316
0.417858
0.380598
0.378316
0.396794
0.388152
0.411478
0.408217
0.396079
0.416139
0.401712
0.414319
0.392658
0.388384
0.394287
0.415338
0.424489
0.394274
0.38958
0.41059
0.413333
0.389566
0.430118
0.398348
0.407351
0.373267
0.390897
0.391046
0.367035
0.372063
0.357532
0.351025
0.341383
0.344624
0.348396
0.354914
0.371337
0.355796
0.370004
0.37305
0.362892
0.355786
0.366726
0.369813
0.384652
0.365794
0.347531
0.349062
0.368948
0.379984
0.363545
0.368039
0.375429
0.388854
0.380926
0.394366
0.382063
0.368662
0.362511
0.375617
0.375961
0.351415
0.36035
0.354483
0.347871
0.352849
0.3593
0.367824
0.366193
0.367954
0.350241
0.348111
0.34031
0.343748
0.344499
0.348626
0.368427
0.38446
0.361015
0.379841
0.379989
0.38003
0.37511
0.362759
0.372079
0.385798
0.389913
0.401642
0.412718
0.383391
0.377212
0.379947
0.393808
0.384788
0.382916
0.3976
0.362519
0.356571
0.361677
0.380776
0.391103
0.371147
0.359795
0.353812
0.346715
0.359277
0.385691
0.39363
0.386509
0.367483
0.387743
0.401558
0.371176
0.36426
0.389487
0.424938
0.387254
0.387252
0.371181
0.370933
0.360926
0.361457
0.361018
0.376195
0.390229
0.414043
0.44649
0.433596
0.461119
0.465485
0.459135
0.445327
0.46574
0.436055
0.40823
0.402722
0.430695
0.409081
0.452821
0.443257
0.456988
0.484514
0.43331
0.405096
0.429215
0.475428
0.44949
0.426626
0.396683
0.389415
0.376799
0.362694
0.378434
0.401809
0.40752
0.38912
0.395828
0.375286
0.377068
0.41259
0.4578
0.469155
0.508528
0.427755
0.446435
0.410994
0.385863
0.37709
0.399892
0.417169
0.451603
0.426941
0.395481
0.38303
0.386705
0.411351
0.435988
0.419019
0.399572
0.398866
0.411114
0.442965
0.425012
0.38766
0.35985
0.35375
0.36677
0.366189
0.386954
0.363864
0.3561
0.356089
0.362551
0.366423
0.376306
0.385092
0.382242
0.431597
0.450775
0.443207
0.405248
0.441708
0.463267
0.380676
0.464993
0.442734
0.486396
0.466998
0.460042
0.432486
0.440169
0.420321
0.451638
0.451712
0.506602
0.468768
0.494033
0.492476
0.469997
0.48582
0.497315
0.474368
0.470501
0.44737
0.436147
0.427606
0.452356
0.410531
0.419371
0.444679
0.466248
0.434353
0.425616
0.434776
0.408624
0.43304
0.415583
0.454248
0.436274
0.422835
0.383862
0.373354
0.36787
0.386143
0.431936
0.421018
0.413458
0.399905
0.395389
0.408349
0.428432
0.426922
0.42954
0.449993
0.423582
0.425658
0.42263
0.406446
0.421421
0.418636
0.395016
0.37076
0.387187
0.411959
0.399805
0.387326
0.429273
0.397006
0.374345
0.368939
0.368302
0.38639
0.417969
0.406496
0.389013
0.414992
0.418018
0.399404
0.418711
0.396496
0.417462
0.380021
0.451553
0.432827
0.482088
0.456448
0.50704
0.466611
0.411983
0.473801
0.517572
0.493691
0.447725
0.482972
0.438108
0.443687
0.479371
0.457075
0.453344
0.413144
0.393994
0.460337
0.420002
0.453205
0.459003
0.457379
0.483378
0.459018
0.457318
0.485288
0.498799
0.4711
0.402285
0.378429
0.422501
0.389384
0.397425
0.391082
0.376719
0.355586
0.354936
0.368573
0.353787
0.360983
0.381449
0.371618
0.400124
0.423566
0.421115
0.403731
0.374662
0.357895
0.35899
0.352288
0.35843
0.378726
0.392245
0.373509
0.380139
0.369785
0.348682
0.351802
0.365744
0.386814
0.367718
0.353906
0.340247
0.341696
0.349851
0.346504
0.339186
0.339879
0.352654
0.349673
0.352967
0.365003
0.366566
0.38402
0.386262
0.370918
0.36055
0.365887
0.387744
0.427583
0.378425
0.361367
0.371925
0.383767
0.376194
0.366412
0.355398
0.368676
0.360515
0.372148
0.367774
0.382069
0.372808
0.367253
0.350382
0.363404
0.378691
0.381151
0.376584
0.37748
0.382065
0.380049
0.389713
0.399036
0.382996
0.386092
0.389883
0.400166
0.388779
0.381817
0.424099
0.426044
0.406468
0.385048
0.371076
0.353827
0.348706
0.352639
0.34821
0.347756
0.344422
0.345019
0.353838
0.355369
0.373858
0.377035
0.351872
0.353394
0.376838
0.399825
0.386543
0.370545
0.358336
0.368666
0.341306
0.341185
0.342077
0.34265
0.349495
0.364988
0.382513
0.395795
0.39934
0.399791
0.423273
0.409935
0.426631
0.417565
0.414693
0.411039
0.40876
0.40304
0.417262
0.394782
0.419163
0.38235
0.358274
0.372422
0.392411
0.370004
0.355077
0.358595
0.373844
0.376343
0.368944
0.384285
0.385298
0.385392
0.400366
0.37579
0.355867
0.347852
0.356825
0.377521
0.364898
0.365576
0.373426
0.352471
0.361303
0.359004
0.377966
0.392543
0.386288
0.359243
0.365
0.371658
0.353195
0.361522
0.359458
0.372189
0.383947
0.383641
0.387672
0.39128
0.37814
0.37748
0.380418
0.374747
0.401905
0.402301
0.40178
0.371577
0.385227
0.396662
0.40358
0.397699
0.406652
0.414026
0.404115
0.401033
0.367099
0.352402
0.351455
0.347545
0.365816
0.382605
0.39184
0.39602
0.4041
0.380796
0.382799
0.374696
0.366475
0.36907
0.373989
0.383863
0.402668
0.417921
0.412015
0.417053
0.462096
0.423417
0.436081
0.411334
0.393151
0.375619
0.374881
0.359167
0.388066
0.410846
0.427884
0.377197
0.389274
0.416252
0.425627
0.448402
0.440646
0.455817
0.429158
0.430617
0.439432
0.40787
0.420298
0.418956
0.395082
0.38489
0.415349
0.410701
0.406144
0.373187
0.38907
0.413043
0.431422
0.464741
0.457422
0.450684
0.494766
0.453109
0.434943
0.470007
0.454871
0.548915
0.553365
0.570587
0.549759
0.54154
0.508457
0.421144
0.423506
0.471518
0.49362
0.527295
0.471811
0.475488
0.474597
0.384628
0.373271
0.393882
0.354995
0.34574
0.350033
0.359097
0.371733
0.364683
0.349314
0.365405
0.374794
0.348938
0.363762
0.348646
0.355969
0.351389
0.359275
0.37652
0.377966
0.372695
0.373426
0.358404
0.364362
0.361067
0.362624
0.372915
0.388317
0.387866
0.403729
0.408257
0.402154
0.420216
0.393439
0.394237
0.416935
0.406735
0.421292
0.417537
0.42004
0.40848
0.40261
0.406061
0.408359
0.410966
0.422768
0.432387
0.465597
0.396877
0.396133
0.408679
0.405968
0.388389
0.407687
0.38416
0.390442
0.412348
0.43171
0.408466
0.413086
0.397564
0.384444
0.394545
0.387723
0.415744
0.400221
0.380521
0.394904
0.39701
0.410298
0.392244
0.411063
0.420142
0.510354
0.465249
0.462908
0.446311
0.398377
0.387704
0.421839
0.46911
0.409765
0.381256
0.365657
0.382405
0.393353
0.44057
0.437923
0.40337
0.379527
0.364747
0.366145
0.360244
0.368834
0.392922
0.439862
0.443309
0.447977
0.44455
0.449193
0.380167
0.367098
0.400023
0.457587
0.414443
0.40294
0.420326
0.403206
0.444475
0.457151
0.439558
0.449966
0.4343
0.430026
0.434641
0.428732
0.387575
0.43621
0.440595
0.44679
0.430419
0.428023
0.483361
0.50135
0.507073
0.489993
0.493042
0.479159
0.488419
0.470154
0.403205
0.403733
0.395759
0.367758
0.359516
0.352622
0.360916
0.362818
0.369255
0.352476
0.348635
0.370033
0.340781
0.353049
0.34755
0.34008
0.348013
0.345104
0.347389
0.356405
0.378359
0.375534
0.372379
0.368037
0.348596
0.355579
0.368586
0.384606
0.382565
0.388123
0.379163
0.388693
0.37703
0.362659
0.366352
0.370302
0.369287
0.383173
0.390172
0.382568
0.397154
0.387937
0.467595
0.475341
0.45949
0.451352
0.486421
0.522834
0.511725
0.497167
0.490068
0.473321
0.395355
0.37822
0.382612
0.40254
0.410287
0.444372
0.41902
0.401613
0.387178
0.387387
0.4006
0.38428
0.355132
0.353105
0.356127
0.37084
0.355652
0.391287
0.389853
0.379896
0.364277
0.360574
0.355914
0.35794
0.353974
0.351188
0.369407
0.394634
0.386806
0.375413
0.367413
0.343405
0.34447
0.343836
0.353443
0.362857
0.370578
0.367195
0.371414
0.367045
0.366095
0.375459
0.364104
0.362741
0.356177
0.348624
0.34939
0.368792
0.388797
0.418114
0.477941
0.466998
0.428825
0.448361
0.430297
0.409336
0.412524
0.44875
0.473118
0.411162
0.389895
0.390529
0.417284
0.394299
0.415788
0.415097
0.376677
0.364489
0.375648
0.408429
0.410999
0.443362
0.432077
0.445867
0.455762
0.412788
0.429464
0.397355
0.41402
0.424689
0.426478
0.38994
0.392063
0.374301
0.359202
0.359141
0.357711
0.360903
0.372792
0.401981
0.427678
0.461868
0.463828
0.443666
0.437626
0.524766
0.477331
0.423379
0.441721
0.435213
0.407443
0.434305
0.430861
0.464633
0.484545
0.469902
0.423033
0.460605
0.518082
0.500174
0.479702
0.45902
0.442399
0.484894
0.481193
0.481176
0.420328
0.391934
0.394203
0.382458
0.376356
0.378852
0.379146
0.392662
0.423002
0.458069
0.465199
0.441091
0.426982
0.429401
0.40435
0.427757
0.468732
0.447181
0.471386
0.436782
0.439019
0.405598
0.367366
0.35254
0.34955
0.365389
0.371658
0.365579
0.362185
0.380992
0.406136
0.388066
0.396502
0.412393
0.415322
0.432226
0.429461
0.432763
0.473916
0.488557
0.482349
0.469247
0.431443
0.374639
0.379013
0.418524
0.404342
0.421964
0.42983
0.415664
0.453904
0.446574
0.417836
0.416171
0.425417
0.429334
0.412686
0.386954
0.374536
0.382568
0.380243
0.391671
0.424432
0.380666
0.374074
0.373134
0.390705
0.384807
0.382156
0.419197
0.475122
0.442514
0.451126
0.375989
0.360134
0.39759
0.413315
0.441493
0.468117
0.441514
0.435606
0.407278
0.431566
0.405976
0.408023
0.415894
0.436965
0.426532
0.376321
0.365533
0.36182
0.353042
0.3713
0.385521
0.395899
0.398939
0.394355
0.410629
0.423389
0.384482
0.401009
0.410344
0.408117
0.387756
0.404923
0.381108
0.393082
0.382898
0.371863
0.357952
0.396146
0.413007
0.402019
0.380897
0.370127
0.377611
0.392109
0.363309
0.36981
0.375325
0.387975
0.403191
0.414767
0.4011
0.390984
0.393203
0.370319
0.367117
0.386014
0.420252
0.393542
0.381787
0.378858
0.382441
0.382623
0.395138
0.408809
0.402827
0.391599
0.365438
0.35931
0.349534
0.34918
0.365912
0.337952
0.349951
0.35109
0.357902
0.370511
0.403449
0.420215
0.404744
0.380444
0.370715
0.345161
0.342886
0.350932
0.354429
0.350837
0.367036
0.394363
0.399535
0.380095
0.362665
0.352046
0.359025
0.359664
0.349463
0.37271
0.373793
0.382146
0.3676
0.368647
0.380087
0.372632
0.364578
0.396629
0.423616
0.398156
0.421768
0.394714
0.405396
0.403436
0.398352
0.422989
0.427795
0.393182
0.378386
0.365461
0.39405
0.431446
0.436512
0.413603
0.39686
0.449207
0.415914
0.367215
0.366
0.389167
0.364094
0.361755
0.369751
0.372501
0.368667
0.37788
0.376626
0.367859
0.372158
0.367966
0.352066
0.342167
0.34122
0.348873
0.347316
0.342744
0.332526
0.349603
0.345482
0.343368
0.363937
0.358054
0.379606
0.3956
0.381932
0.397465
0.402219
0.386787
0.382837
0.40332
0.387073
0.390925
0.374566
0.381789
0.373352
0.440717
0.425122
0.423792
0.413291
0.43713
0.422905
0.412601
0.392601
0.398723
0.397197
0.454152
0.408277
0.381393
0.383301
0.416971
0.425365
0.410001
0.379919
0.390191
0.433272
0.413671
0.47406
0.426965
0.421614
0.430675
0.409869
0.414212
0.377668
0.368807
0.375535
0.38958
0.427434
0.44752
0.433149
0.49893
0.467591
0.434362
0.551762
0.527754
0.57665
0.510256
0.578181
0.56423
0.579808
0.484068
0.418842
0.430317
0.397728
0.395632
0.40148
0.399705
0.361696
0.395541
0.406003
0.406117
0.388807
0.390382
0.400538
0.418002
0.404111
0.384967
0.374831
0.370612
0.350207
0.350571
0.343774
0.360208
0.353004
0.342691
0.352461
0.36496
0.371379
0.383087
0.389125
0.383286
0.407382
0.377434
0.419263
0.398083
0.372988
0.386874
0.378616
0.411677
0.417136
0.387927
0.384157
0.370906
0.377022
0.390647
0.367789
0.355057
0.372892
0.376166
0.359704
0.349706
0.348316
0.364774
0.374631
0.386716
0.404332
0.379827
0.357281
0.351248
0.354929
0.348299
0.345126
0.350786
0.353004
0.36821
0.397035
0.427912
0.445208
0.436652
0.47659
0.44154
0.437249
0.448773
0.430973
0.458231
0.426596
0.458871
0.442372
0.400519
0.396685
0.397259
0.394832
0.40537
0.391499
0.380865
0.39052
0.397664
0.394381
0.413512
0.426776
0.366444
0.410293
0.403194
0.396319
0.391794
0.411736
0.380167
0.395612
0.383292
0.387767
0.405518
0.420468
0.411316
0.395954
0.406024
0.376809
0.378027
0.405319
0.401795
0.369322
0.349528
0.357048
0.369671
0.400572
0.390442
0.391458
0.419116
0.40661
0.396675
0.395918
0.404733
0.380379
0.390416
0.383544
0.366745
0.368903
0.409716
0.402636
0.384115
0.390541
0.408273
0.405682
0.413471
0.40917
0.396521
0.414315
0.408186
0.406145
0.43621
0.447969
0.433795
0.42306
0.482268
0.414548
0.416368
0.425227
0.436163
0.42491
0.436834
0.496724
0.456899
0.431494
0.431304
0.427146
0.436138
0.443418
0.425766
0.423249
0.429423
0.466268
0.456877
0.434493
0.392183
0.391426
0.391621
0.385723
0.378233
0.356651
0.346082
0.349724
0.353443
0.371391
0.396342
0.408594
0.392121
0.38331
0.393407
0.427954
0.436792
0.400428
0.415314
0.438223
0.416998
0.411592
0.373018
0.392377
0.410767
0.410218
0.414411
0.456136
0.454632
0.498709
0.427908
0.397869
0.376933
0.41162
0.417342
0.41495
0.383701
0.369668
0.375513
0.39622
0.413548
0.437666
0.419978
0.43237
0.484867
0.443533
0.397508
0.450052
0.4257
0.488857
0.432095
0.443817
0.419114
0.465651
0.471742
0.48413
0.519463
0.514351
0.511054
0.529628
0.494213
0.516693
0.506023
0.49278
0.463189
0.484791
0.480058
0.539416
0.551021
0.56018
0.533931
0.525192
0.555867
0.595651
0.590121
0.554743
0.491137
0.440901
0.472324
0.47372
0.432771
0.397667
0.417417
0.458156
0.423083
0.386468
0.392155
0.427582
0.45006
0.449785
0.412436
0.437621
0.424197
0.406857
0.362044
0.363847
0.366574
0.386233
0.406714
0.431326
0.45407
0.45411
0.443296
0.442554
0.443123
0.427096
0.431696
0.423101
0.379706
0.40904
0.3965
0.404988
0.400953
0.402784
0.384758
0.354974
0.376079
0.377335
0.387501
0.431946
0.384043
0.406199
0.400753
0.413419
0.389194
0.418018
0.409981
0.374708
0.387126
0.412006
0.39959
0.398332
0.385061
0.409108
0.424358
0.429389
0.440769
0.427802
0.422444
0.388035
0.413651
0.387562
0.39917
0.409879
0.417208
0.393494
0.429573
0.43218
0.392624
0.387442
0.376408
0.407144
0.401
0.392095
0.421562
0.499174
0.437576
0.438951
0.422239
0.422311
0.411888
0.414957
0.424812
0.439491
0.474485
0.400442
0.438039
0.451796
0.44808
0.416661
0.421637
0.393983
0.379131
0.364092
0.365362
0.366749
0.376281
0.355893
0.356182
0.344936
0.345327
0.342546
0.346256
0.349577
0.350525
0.349959
0.372736
0.382898
0.383044
0.386276
0.3978
0.375675
0.386703
0.366175
0.394171
0.391669
0.411554
0.38792
0.398568
0.361226
0.350934
0.351759
0.357809
0.358556
0.357752
0.37365
0.401041
0.428495
0.431017
0.479482
0.467753
0.4928
0.481042
0.520522
0.479713
0.433664
0.394441
0.419779
0.44934
0.371323
0.437016
0.438022
0.421671
0.385965
0.410032
0.45539
0.472364
0.46568
0.515764
0.465284
0.433498
0.452307
0.372506
0.357309
0.377507
0.37384
0.373975
0.366044
0.426551
0.404294
0.39268
0.395101
0.451787
0.465609
0.424923
0.396869
0.388888
0.365369
0.387889
0.39511
0.382068
0.375763
0.40339
0.398733
0.39774
0.422829
0.411661
0.425261
0.412169
0.393295
0.392885
0.430621
0.396796
0.434206
0.453634
0.486309
0.454485
0.412911
0.384457
0.428681
0.433215
0.472806
0.492612
0.440416
0.447827
0.491982
0.428907
0.502232
0.421396
0.42316
0.399236
0.38088
0.369183
0.390903
0.389168
0.370381
0.369756
0.373725
0.38317
0.400487
0.416418
0.442244
0.397512
0.395395
0.424221
0.40365
0.440684
0.42457
0.433709
0.419385
0.369975
0.353418
0.41474
0.434987
0.417451
0.452332
0.390254
0.431752
0.474453
0.452229
0.411847
0.413581
0.428284
0.432635
0.46095
0.447435
0.433638
0.46074
0.494727
0.482526
0.444076
0.425501
0.430299
0.439089
0.441666
0.442509
0.450112
0.439643
0.436196
0.468598
0.462493
0.472531
0.477019
0.50764
0.548876
0.570442
0.518986
0.533395
0.572872
0.568252
0.558683
0.517911
0.54117
0.472046
0.431085
0.406508
0.367367
0.397517
0.386662
0.452063
0.3748
0.420999
0.429278
0.439298
0.43773
0.430225
0.381844
0.438538
0.424253
0.44868
0.436333
0.419891
0.42179
0.396286
0.417033
0.391201
0.410471
0.408083
0.375837
0.388142
0.4289
0.485395
0.413482
0.438237
0.411903
0.447333
0.424625
0.403937
0.37985
0.365057
0.365291
0.362983
0.364533
0.354438
0.356592
0.35145
0.348685
0.356282
0.360591
0.366506
0.391844
0.400686
0.358906
0.372647
0.360027
0.371607
0.388694
0.37896
0.360008
0.397361
0.431998
0.391362
0.407827
0.432558
0.44731
0.397896
0.421203
0.421459
0.428741
0.384118
0.360293
0.347041
0.35314
0.351734
0.362647
0.371249
0.370272
0.362231
0.369886
0.366782
0.374783
0.389939
0.40269
0.419713
0.47762
0.493139
0.474752
0.442892
0.476146
0.438298
0.482826
0.444364
0.37951
0.377087
0.353781
0.392728
0.373974
0.372256
0.365089
0.353736
0.371792
0.439937
0.458854
0.383988
0.387835
0.405296
0.412981
0.387499
0.442328
0.487688
0.542158
0.456422
0.497678
0.406634
0.472702
0.553475
0.533242
0.508754
0.528062
0.495919
0.493968
0.514158
0.487162
0.498274
0.47571
0.523663
0.510418
0.499414
0.518739
0.489827
0.446512
0.475286
0.445555
0.472667
0.429217
0.411885
0.436679
0.497073
0.426221
0.46307
0.468934
0.413661
0.42909
0.41518
0.442847
0.428418
0.386829
0.37546
0.362095
0.355486
0.360138
0.374113
0.401078
0.393432
0.369436
0.367193
0.362369
0.377915
0.403052
0.408219
0.397207
0.387413
0.37257
0.373076
0.34987
0.363687
0.376361
0.353241
0.348986
0.361277
0.384052
0.393877
0.399138
0.405243
0.4121
0.405013
0.407986
0.3842
0.393469
0.372218
0.361934
0.353838
0.350796
0.359112
0.344364
0.350131
0.359399
0.387865
0.37544
0.378788
0.395448
0.397418
0.360961
0.382417
0.364141
0.354966
0.360547
0.353156
0.378392
0.358242
0.375891
0.406552
0.397067
0.389178
0.389568
0.379202
0.400601
0.392906
0.414929
0.410992
0.418976
0.432297
0.434841
0.433587
0.442393
0.401329
0.402617
0.439119
0.449879
0.453485
0.465788
0.492314
0.44568
0.47981
0.483262
0.501026
0.451933
0.477799
0.415743
0.408172
0.389243
0.434538
0.444041
0.409853
0.375443
0.425223
0.468421
0.411091
0.487356
0.451929
0.398251
0.380803
0.398173
0.442688
0.395536
0.433779
0.451833
0.422685
0.433123
0.430264
0.423443
0.413156
0.423917
0.465432
0.470909
0.454433
0.468663
0.438967
0.395933
0.453895
0.471577
0.482868
0.496239
0.442255
0.428154
0.427913
0.435046
0.444366
0.491266
0.503908
0.408259
0.443538
0.428542
0.424527
0.414865
0.378606
0.378414
0.370259
0.39036
0.431263
0.414469
0.433735
0.423215
0.399338
0.40345
0.386423
0.372055
0.380017
0.371791
0.356761
0.353036
0.356494
0.357153
0.37764
0.39669
0.382527
0.360775
0.36331
0.365756
0.377248
0.374664
0.376747
0.367397
0.347549
0.374974
0.392928
0.38892
0.394105
0.389499
0.390412
0.395642
0.394146
0.356836
0.380026
0.384036
0.391035
0.390904
0.43989
0.423026
0.427968
0.409929
0.394956
0.364927
0.372578
0.410401
0.388696
0.363209
0.374475
0.36657
0.363806
0.362075
0.362867
0.383358
0.397617
0.395528
0.361286
0.379395
0.370062
0.365729
0.393879
0.380756
0.391967
0.383007
0.402367
0.467602
0.407496
0.476851
0.462035
0.483859
0.433993
0.423054
0.447045
0.468339
0.494336
0.488167
0.478624
0.465667
0.475183
0.395582
0.366767
0.473359
0.472915
0.458835
0.489679
0.436613
0.388204
0.371272
0.363512
0.353478
0.348056
0.347785
0.365069
0.366801
0.377446
0.405249
0.371718
0.394906
0.419621
0.397623
0.384135
0.397224
0.393055
0.381649
0.398396
0.393859
0.401592
0.412137
0.395926
0.387408
0.383062
0.372705
0.377778
0.379925
0.359038
0.357482
0.34711
0.351205
0.352101
0.347846
0.375624
0.40803
0.381401
0.385836
0.365078
0.352074
0.354023
0.352044
0.381946
0.374027
0.356247
0.353333
0.347408
0.36326
0.36933
0.366377
0.361132
0.347706
0.342115
0.342326
0.352032
0.348374
0.343097
0.347101
0.357624
0.360311
0.36514
0.387617
0.379546
0.364068
0.353856
0.353981
0.366703
0.392201
0.392269
0.416243
0.4105
0.412955
0.426938
0.409414
0.411498
0.41945
0.378409
0.388151
0.384406
0.407706
0.403916
0.372917
0.372409
0.404822
0.394471
0.3992
0.401247
0.383553
0.401044
0.383147
0.424333
0.430355
0.416992
0.413773
0.416412
0.423767
0.40338
0.441193
0.429269
0.46127
0.458818
0.467891
0.485804
0.435369
0.469826
0.477302
0.442157
0.439775
0.455148
0.49439
0.477882
0.436418
0.441157
0.428598
0.409628
0.440038
0.465882
0.461606
0.452204
0.416097
0.429358
0.436198
0.454336
0.485448
0.457633
0.485764
0.502304
0.442976
0.491301
0.468703
0.46041
0.539112
0.501634
0.436482
0.413907
0.401005
0.406748
0.419116
0.418211
0.451157
0.455517
0.418515
0.45774
0.470202
0.486106
0.505704
0.525514
0.572261
0.455625
0.409089
0.417268
0.41927
0.433819
0.417143
0.43059
0.417344
0.393075
0.396953
0.401892
0.413764
0.439487
0.420951
0.419639
0.412793
0.405967
0.437752
0.430755
0.428247
0.407073
0.414905
0.414979
0.420518
0.429954
0.434695
0.413413
0.39315
0.392289
0.394509
0.397621
0.386992
0.388081
0.379713
0.346217
0.403409
0.388133
0.395447
0.372269
0.35466
0.358991
0.377805
0.388901
0.38513
0.427971
0.409427
0.409999
0.378548
0.393398
0.396343
0.395077
0.39013
0.41924
0.426992
0.422633
0.408609
0.402556
0.383832
0.378876
0.40369
0.391533
0.389714
0.409114
0.406807
0.395343
0.407785
0.403472
0.428061
0.40288
0.425912
0.376751
0.355724
0.358382
0.354039
0.342412
0.340417
0.337511
0.351375
0.338714
0.344452
0.354369
0.363529
0.389511
0.361983
0.383255
0.366011
0.350677
0.346185
0.338108
0.337092
0.34786
0.345311
0.340003
0.342954
0.342455
0.353642
0.348611
0.346384
0.349912
0.348388
0.336016
0.335779
0.345682
0.340532
0.341965
0.346995
0.340047
0.36192
0.371805
0.390736
0.389453
0.37682
0.374221
0.376529
0.385963
0.366801
0.378891
0.378179
0.381104
0.36514
0.37958
0.376422
0.375062
0.389222
0.36704
0.352298
0.343572
0.346801
0.338256
0.341702
0.347772
0.347706
0.346973
0.349849
0.34859
0.342552
0.346496
0.340505
0.341713
0.34942
0.342034
0.342381
0.347438
0.353312
0.363729
0.370469
0.360454
0.355498
0.357229
0.37051
0.361415
0.386558
0.402511
0.430868
0.386514
0.384642
0.383763
0.397529
0.409759
0.449633
0.434944
0.431534
0.441917
0.403989
0.423334
0.379546
0.365426
0.378502
0.394917
0.377922
0.35542
0.359558
0.36118
0.358571
0.376032
0.399853
0.398385
0.375745
0.372742
0.37638
0.381144
0.405336
0.422203
0.467158
0.450335
0.466842
0.481713
0.460278
0.517986
0.509309
0.510338
0.406287
0.412051
0.364324
0.433641
0.435943
0.421326
0.379567
0.424911
0.469395
0.469692
0.461892
0.438893
0.391148
0.375496
0.36861
0.354168
0.349023
0.341593
0.351723
0.35873
0.355146
0.363108
0.376866
0.376313
0.405115
0.388194
0.397269
0.378514
0.377434
0.392294
0.414459
0.427832
0.419085
0.39009
0.384882
0.406283
0.375402
0.373788
0.375997
0.376641
0.394977
0.377899
0.35631
0.343123
0.346019
0.348364
0.347686
0.340898
0.342274
0.349604
0.3537
0.381499
0.38126
0.369088
0.346431
0.345975
0.350959
0.360597
0.352053
0.355046
0.388042
0.421394
0.409697
0.406649
0.399975
0.40202
0.402429
0.390804
0.394916
0.389084
0.40582
0.420849
0.414856
0.403004
0.401482
0.403853
0.388201
0.395475
0.391617
0.403207
0.396489
0.38366
0.380911
0.382346
0.429223
0.396229
0.376065
0.368499
0.405038
0.408193
0.422071
0.464765
0.416368
0.416198
0.391402
0.359401
0.428468
0.396588
0.418332
0.466775
0.448229
0.444999
0.405759
0.412552
0.409259
0.408407
0.433802
0.452766
0.442952
0.44073
0.483239
0.436283
0.459538
0.420418
0.457364
0.482751
0.455634
0.445345
0.418548
0.383516
0.385794
0.377639
0.373873
0.375679
0.411365
0.37918
0.35596
0.359103
0.346041
0.359052
0.35797
0.36177
0.379527
0.366258
0.355023
0.369041
0.385057
0.403105
0.399854
0.417399
0.441083
0.423607
0.459401
0.441053
0.43978
0.419178
0.481563
0.480997
0.410812
0.459077
0.46382
0.448877
0.470556
0.461039
0.428013
0.424921
0.417811
0.418214
0.408134
0.471878
0.499218
0.46574
0.514225
0.464573
0.469437
0.46427
0.481456
0.499534
0.47935
0.516334
0.545517
0.561292
0.565952
0.445404
0.414445
0.429369
0.417147
0.420321
0.397193
0.451294
0.437222
0.401028
0.387624
0.402261
0.417473
0.440782
0.412418
0.40924
0.409941
0.420528
0.438576
0.445774
0.446933
0.419168
0.431839
0.420866
0.475061
0.420041
0.429746
0.401216
0.406675
0.414513
0.420586
0.401565
0.37302
0.370226
0.362645
0.379196
0.371608
0.376622
0.385625
0.400588
0.40129
0.407502
0.48477
0.466659
0.465271
0.473247
0.426879
0.412869
0.440972
0.435194
0.410637
0.428388
0.437111
0.4048
0.37347
0.356592
0.384518
0.399245
0.390051
0.38494
0.36866
0.382916
0.406223
0.412992
0.409319
0.426136
0.405736
0.406361
0.38184
0.372146
0.360498
0.38487
0.405646
0.394888
0.369595
0.375872
0.433631
0.404718
0.414545
0.410149
0.423355
0.404255
0.40858
0.419149
0.401657
0.394696
0.430422
0.437902
0.420001
0.441484
0.439341
0.472201
0.43457
0.470735
0.46664
0.454183
0.398054
0.430538
0.473892
0.42237
0.456991
0.481596
0.442932
0.410214
0.422772
0.416862
0.424852
0.414473
0.451057
0.507263
0.497123
0.493775
0.474768
0.429502
0.37307
0.413715
0.504486
0.487789
0.460319
0.454397
0.41843
0.428013
0.44873
0.435091
0.392966
0.424974
0.466087
0.445619
0.41305
0.396483
0.452659
0.457307
0.419412
0.422122
0.388458
0.381824
0.397371
0.455591
0.455983
0.456141
0.483096
0.475706
0.438727
0.449699
0.406155
0.438995
0.450212
0.444126
0.403791
0.387054
0.392481
0.378499
0.375713
0.411046
0.395173
0.37518
0.382993
0.420333
0.441138
0.430719
0.40992
0.4566
0.440639
0.472483
0.433715
0.542599
0.607149
0.608846
0.547428
0.555088
0.544365
0.486699
0.476691
0.516315
0.520847
0.460739
0.438393
0.412267
0.410671
0.417129
0.404734
0.427925
0.475019
0.434957
0.420227
0.449314
0.475946
0.506497
0.455434
0.467835
0.435722
0.41508
0.410789
0.45008
0.471359
0.458888
0.476614
0.462947
0.429271
0.441058
0.422704
0.460141
0.451646
0.444672
0.439123
0.41629
0.441404
0.443611
0.447607
0.431221
0.447258
0.452561
0.441403
0.434731
0.436729
0.41631
0.406268
0.427759
0.472491
0.480654
0.484883
0.501578
0.487966
0.49635
0.496331
0.513267
0.499075
0.412847
0.401214
0.422927
0.424651
0.427391
0.414243
0.400957
0.418326
0.391179
0.432619
0.432137
0.437427
0.499831
0.451896
0.465543
0.44293
0.404084
0.391246
0.401027
0.399197
0.398996
0.438119
0.420968
0.444257
0.438727
0.435811
0.453917
0.481246
0.505461
0.463511
0.443041
0.382314
0.365796
0.374737
0.358313
0.359505
0.362684
0.369934
0.367773
0.361982
0.362139
0.367858
0.373253
0.396367
0.425496
0.466885
0.472606
0.499363
0.512594
0.472325
0.456078
0.447407
0.440975
0.476588
0.472867
0.420373
0.436096
0.397974
0.426073
0.436275
0.402439
0.429844
0.449011
0.472518
0.398459
0.364582
0.368234
0.40655
0.430864
0.421155
0.431067
0.435243
0.415601
0.411756
0.418751
0.480039
0.470077
0.416616
0.416737
0.423214
0.470496
0.493894
0.492479
0.56121
0.510778
0.484797
0.484257
0.499563
0.532046
0.565608
0.590012
0.537484
0.509809
0.500044
0.523516
0.515015
0.503242
0.466952
0.482514
0.45608
0.494654
0.489293
0.502221
0.450584
0.459387
0.477194
0.460057
0.526187
0.501299
0.457721
0.475163
0.443331
0.47023
0.418643
0.433187
0.432875
0.410974
0.401098
0.420726
0.39649
0.40476
0.409633
0.406294
0.44048
0.424738
0.44726
0.49652
0.510138
0.520007
0.466316
0.489857
0.47786
0.427063
0.443412
0.449896
0.464939
0.413464
0.475719
0.436427
0.490983
0.476437
0.427937
0.405522
0.449634
0.413231
0.467407
0.441383
0.418942
0.451671
0.44341
0.433742
0.472478
0.431144
0.437663
0.460657
0.481768
0.419637
0.439589
0.503576
0.493593
0.477944
0.480148
0.469886
0.399463
0.478311
0.515267
0.479783
0.470222
0.47912
0.513189
0.476359
0.51056
0.483119
0.457647
0.417627
0.457192
0.43482
0.462055
0.457401
0.466826
0.468911
0.51927
0.500672
0.43403
0.424818
0.380955
0.370333
0.353256
0.360868
0.367053
0.372151
0.393754
0.406398
0.397361
0.428271
0.447177
0.469693
0.470589
0.430276
0.416344
0.415708
0.432038
0.412846
0.394237
0.407746
0.415484
0.449928
0.379761
0.474427
0.469388
0.438307
0.447316
0.409096
0.409945
0.465297
0.43078
0.437534
0.451228
0.399939
0.379233
0.384385
0.374454
0.370447
0.376218
0.388841
0.456292
0.464097
0.497706
0.490164
0.510692
0.517077
0.499752
0.529151
0.507608
0.496559
0.513575
0.476956
0.529554
0.498015
0.552718
0.532851
0.510831
0.53444
0.573063
0.574353
0.539179
0.527005
0.42352
0.420151
0.368013
0.361004
0.381369
0.411093
0.416983
0.406188
0.370374
0.384391
0.393668
0.403273
0.397814
0.415227
0.425351
0.391869
0.433961
0.421424
0.410478
0.433203
0.431972
0.405201
0.414723
0.452187
0.432887
0.436333
0.443213
0.423362
0.391471
0.389878
0.408997
0.434606
0.389475
0.444853
0.431328
0.415243
0.412736
0.390616
0.392771
0.390137
0.411909
0.378352
0.372179
0.37218
0.356086
0.345354
0.345646
0.347471
0.357701
0.368351
0.403903
0.404264
0.382732
0.349991
0.360361
0.357057
0.378757
0.40388
0.407831
0.422735
0.404296
0.458337
0.428378
0.372505
0.370158
0.363453
0.369994
0.359872
0.355927
0.359653
0.379119
0.380729
0.360395
0.363929
0.357774
0.366729
0.412379
0.409272
0.434433
0.456806
0.433584
0.430766
0.434459
0.459295
0.495312
0.398347
0.446168
0.426912
0.428819
0.412664
0.388075
0.377081
0.370386
0.364621
0.380284
0.379601
0.385996
0.380301
0.384761
0.397591
0.385347
0.429228
0.431162
0.43707
0.434128
0.42277
0.409047
0.359105
0.359691
0.39196
0.397698
0.411341
0.415816
0.403447
0.386795
0.372327
0.348045
0.34473
0.350528
0.342389
0.342305
0.356995
0.344752
0.360979
0.347942
0.359181
0.377287
0.397618
0.373533
0.351318
0.349354
0.369838
0.365958
0.365833
0.417753
0.427877
0.409555
0.420842
0.406633
0.450865
0.450853
0.411944
0.414725
0.459011
0.451683
0.51643
0.485412
0.522964
0.598781
0.589253
0.575858
0.553006
0.534301
0.562992
0.548304
0.546915
0.535892
0.516652
0.514324
0.504659
0.458616
0.520569
0.524823
0.50787
0.45425
0.433361
0.512172
0.526679
0.525207
0.489019
0.444498
0.478804
0.529825
0.474921
0.53085
0.48982
0.474933
0.477374
0.491412
0.501262
0.526803
0.523708
0.53381
0.553891
0.528488
0.484318
0.410876
0.402395
0.401944
0.421666
0.399501
0.421848
0.416274
0.408977
0.38757
0.422674
0.42703
0.448418
0.489944
0.459285
0.460622
0.432446
0.439213
0.431783
0.440821
0.493785
0.504492
0.439014
0.446271
0.492694
0.513111
0.513265
0.420287
0.431735
0.414388
0.507279
0.521357
0.504036
0.464744
0.46939
0.512942
0.482497
0.473401
0.53914
0.439907
0.437102
0.47299
0.401974
0.496942
0.53222
0.52263
0.472296
0.494354
0.51668
0.494725
0.49688
0.527706
0.518853
0.536557
0.513044
0.514323
0.485115
0.437466
0.437971
0.451556
0.442666
0.488022
0.509114
0.469721
0.5504
0.469219
0.453885
0.444766
0.442194
0.464748
0.500469
0.441258
0.483376
0.440358
0.451886
0.446578
0.46662
0.448089
0.481181
0.43757
0.450491
0.428564
0.433251
0.386471
0.386049
0.365873
0.374908
0.376253
0.39286
0.399867
0.385108
0.409256
0.391416
0.381628
0.392285
0.383889
0.392351
0.396859
0.388631
0.367847
0.381348
0.388323
0.392999
0.41413
0.394723
0.442722
0.453481
0.420845
0.419417
0.440532
0.422802
0.416258
0.426565
0.416633
0.395332
0.423596
0.446273
0.44278
0.434191
0.4627
0.479424
0.446665
0.405947
0.481093
0.472895
0.496796
0.485934
0.468176
0.439775
0.461086
0.452429
0.453377
0.494529
0.477027
0.476577
0.453827
0.460676
0.460036
0.427891
0.392375
0.407645
0.449629
0.437823
0.423254
0.417454
0.426642
0.454256
0.463782
0.462453
0.452971
0.437813
0.464975
0.473801
0.447887
0.455667
0.475638
0.481532
0.465271
0.46963
0.472515
0.496931
0.469246
0.470806
0.450785
0.409774
0.403684
0.431272
0.426582
0.395769
0.381322
0.375448
0.400716
0.455314
0.48197
0.497362
0.475706
0.456511
0.457868
0.468201
0.427825
0.42636
0.452391
0.50677
0.541366
0.586081
0.555906
0.581273
0.540734
0.406399
0.377916
0.390361
0.381427
0.413134
0.364614
0.378195
0.37715
0.357384
0.352589
0.363902
0.407517
0.373472
0.352265
0.352542
0.346267
0.348647
0.356493
0.349118
0.343922
0.351126
0.350399
0.342962
0.353361
0.354481
0.350912
0.362075
0.392302
0.394636
0.380483
0.365015
0.361493
0.364258
0.384312
0.399118
0.384225
0.369255
0.367994
0.424018
0.44255
0.445669
0.422857
0.452272
0.424105
0.435301
0.440512
0.407532
0.415131
0.460621
0.458001
0.406726
0.434977
0.414893
0.441418
0.422201
0.435667
0.406337
0.413321
0.461714
0.495074
0.496754
0.498386
0.513501
0.51908
0.537016
0.517427
0.527881
0.510743
0.477604
0.415282
0.404104
0.466654
0.473465
0.470362
0.487091
0.516833
0.55722
0.494032
0.48998
0.513836
0.462457
0.458022
0.482337
0.504372
0.505588
0.487881
0.471463
0.455489
0.4472
0.460933
0.454108
0.476458
0.446903
0.385453
0.455025
0.488732
0.442787
0.515415
0.477348
0.467909
0.455023
0.447288
0.443566
0.439208
0.430591
0.405111
0.440319
0.487895
0.424807
0.495454
0.511736
0.542951
0.530308
0.482362
0.508448
0.539914
0.425332
0.449394
0.447566
0.505337
0.487222
0.527512
0.51346
0.480448
0.496323
0.522813
0.504334
0.469708
0.519471
0.540874
0.491794
0.461326
0.455476
0.528387
0.500454
0.508068
0.553041
0.533135
0.485939
0.48176
0.449344
0.41693
0.434203
0.37833
0.373479
0.375414
0.383349
0.394836
0.410027
0.40161
0.390582
0.38466
0.398217
0.438059
0.466159
0.408244
0.391177
0.389612
0.392427
0.390465
0.415473
0.40769
0.407159
0.37422
0.382022
0.39501
0.400742
0.405299
0.422148
0.418658
0.41752
0.415764
0.433871
0.430162
0.425405
0.39108
0.376795
0.363057
0.406733
0.385368
0.367835
0.403498
0.432918
0.421087
0.399966
0.37704
0.367529
0.361119
0.361711
0.360881
0.368538
0.368575
0.355287
0.364902
0.374325
0.390986
0.40095
0.376831
0.361845
0.351494
0.36364
0.354809
0.35768
0.364104
0.368423
0.368226
0.357327
0.368929
0.384761
0.391144
0.392024
0.397445
0.425605
0.474724
0.485912
0.427146
0.432154
0.394081
0.391702
0.38305
0.375822
0.398259
0.401765
0.419536
0.388037
0.395618
0.397645
0.417541
0.454618
0.428104
0.449679
0.48442
0.482565
0.40559
0.404391
0.399664
0.399417
0.39723
0.41254
0.444077
0.460117
0.417593
0.433551
0.414118
0.399685
0.389201
0.386755
0.40066
0.382394
0.386602
0.393024
0.385092
0.395829
0.400009
0.387142
0.382618
0.426303
0.385395
0.380704
0.369319
0.38633
0.401992
0.457664
0.465166
0.393751
0.435942
0.392529
0.45776
0.447422
0.431938
0.410723
0.385998
0.392889
0.416389
0.388478
0.387084
0.393281
0.384604
0.387658
0.392929
0.396654
0.376003
0.369292
0.367772
0.368372
0.374239
0.371504
0.360822
0.364733
0.357549
0.363203
0.365129
0.355661
0.357037
0.373701
0.365962
0.372942
0.360767
0.355611
0.362405
0.360005
0.356533
0.355055
0.357388
0.359103
0.355006
0.363607
0.361079
0.362177
0.359843
0.364337
0.365013
0.359368
0.35887
0.356074
0.363853
0.370258
0.369762
0.375411
0.380214
0.368633
0.359079
0.358928
0.36442
0.391007
0.416162
0.416705
0.391837
0.408772
0.400367
0.400529
0.419821
0.406807
0.380032
0.368627
0.375747
0.377824
0.38131
0.416533
0.420419
0.384804
0.367638
0.392379
0.407796
0.395836
0.396408
0.384207
0.392616
0.388826
0.389001
0.365925
0.375716
0.357047
0.367901
0.41179
0.390685
0.36298
0.371791
0.378927
0.386721
0.414229
0.428773
0.455959
0.419277
0.413956
0.382306
0.359002
0.366444
0.371401
0.389174
0.413114
0.389502
0.366659
0.36576
0.363699
0.360708
0.35873
0.356311
0.352535
0.357404
0.387486
0.386604
0.466142
0.426814
0.39487
0.387745
0.391913
0.38412
0.410065
0.423104
0.396892
0.402774
0.420002
0.413594
0.420736
0.407736
0.412902
0.402223
0.389625
0.376249
0.390019
0.384714
0.400489
0.393438
0.395664
0.385876
0.377213
0.379999
0.36932
0.376497
0.362828
0.366528
0.36986
0.376416
0.387131
0.370169
0.368218
0.372135
0.38766
0.386978
0.396877
0.437157
0.424829
0.432094
0.429271
0.41858
0.400169
0.410669
0.471198
0.549712
0.515598
0.498361
0.390949
0.395642
