0.543869
0.501618
0.494533
0.474159
0.483535
0.462575
0.498137
0.476597
0.477409
0.473705
0.477044
0.473267
0.471631
0.441955
0.472295
0.446733
0.455265
0.452436
0.440743
0.39331
0.44134
0.438221
0.410912
0.394425
0.404386
0.39089
0.39161
0.365643
0.352116
0.380239
0.373456
0.360226
0.375194
0.388611
0.385998
0.396413
0.408597
0.370105
0.368416
0.367386
0.348096
0.360596
0.438099
0.426217
0.406102
0.414933
0.40841
0.415205
0.440667
0.436869
0.484021
0.413179
0.436685
0.391839
0.412043
0.40479
0.386691
0.385948
0.408397
0.405344
0.420673
0.407914
0.370561
0.344605
0.342495
0.357668
0.347867
0.371414
0.45946
0.468855
0.436418
0.419258
0.424251
0.396109
0.371714
0.386668
0.404236
0.424736
0.461121
0.445994
0.417276
0.426595
0.397613
0.386213
0.398676
0.424932
0.408011
0.447296
0.428738
0.406482
0.449879
0.438479
0.3734
0.413375
0.418173
0.389191
0.440418
0.453977
0.435822
0.405876
0.370415
0.408753
0.37705
0.426713
0.423556
0.424712
0.359901
0.373991
0.391689
0.364906
0.412404
0.398116
0.40839
0.403534
0.440749
0.437582
0.367626
0.370589
0.360651
0.393308
0.433271
0.433024
0.419976
0.431023
0.380539
0.419558
0.41955
0.430996
0.41189
0.366158
0.422863
0.453205
0.371057
0.415416
0.444532
0.427962
0.407604
0.39262
0.364391
0.353939
0.368584
0.364293
0.387804
0.392215
0.353891
0.377062
0.394295
0.36345
0.364876
0.371336
0.397813
0.407574
0.399615
0.393293
0.36803
0.370155
0.346478
0.359711
0.379095
0.35617
0.362174
0.383029
0.399594
0.409178
0.397982
0.396733
0.363818
0.355616
0.404018
0.458732
0.411849
0.403971
0.382663
0.39325
0.439985
0.450619
0.457295
0.478938
0.509143
0.368616
0.403018
0.382109
0.440126
0.452292
0.479905
0.39867
0.375805
0.368989
0.3914
0.38383
0.373706
0.416192
0.373899
0.427131
0.415051
0.424797
0.434251
0.468801
0.475473
0.468097
0.412684
0.421652
0.396404
0.401005
0.403126
0.393048
0.405101
0.399144
0.377572
0.356265
0.355479
0.34278
0.352229
0.35666
0.364481
0.381175
0.367405
0.357885
0.379941
0.373436
0.394807
0.37383
0.374621
0.395405
0.427062
0.445527
0.482726
0.409048
0.411592
0.417229
0.415902
0.418056
0.382401
0.354178
0.376369
0.384743
0.374273
0.3939
0.386909
0.375042
0.345621
0.353259
0.375327
0.401348
0.358174
0.377267
0.383005
0.380693
0.44193
0.427478
0.38638
0.37462
0.439832
0.451382
0.507442
0.481855
0.494296
0.482952
0.385658
0.394225
0.405671
0.3683
0.377958
0.417736
0.376996
0.350489
0.347512
0.349574
0.401474
0.418704
0.377251
0.356818
0.398436
0.404573
0.368291
0.3511
0.347687
0.349646
0.365575
0.372927
0.373592
0.406527
0.378485
0.382293
0.393916
0.380777
0.383152
0.350845
0.366002
0.356868
0.383844
0.371512
0.363059
0.373111
0.392658
0.372008
0.355079
0.352402
0.375835
0.380955
0.358064
0.376785
0.35763
0.349898
0.343737
0.366056
0.401923
0.373385
0.385716
0.383818
0.380684
0.407828
0.369805
0.373057
0.354075
0.359964
0.37185
0.376739
0.366
0.375178
0.364426
0.358348
0.375165
0.426233
0.409043
0.405652
0.511662
0.423428
0.423884
0.400523
0.394255
0.400799
0.40852
0.352204
0.355386
0.350808
0.347615
0.350409
0.410944
0.398876
0.398584
0.381783
0.389193
0.361561
0.39354
0.403426
0.377383
0.395899
0.369664
0.390768
0.398268
0.400656
0.40117
0.403162
0.40941
0.382722
0.349898
0.364802
0.367346
0.362575
0.376425
0.377047
0.355377
0.363728
0.343694
0.373213
0.375438
0.392481
0.387621
0.370753
0.358782
0.386408
0.38913
0.371756
0.395795
0.4514
0.428695
0.45005
0.438117
0.385634
0.395405
0.433565
0.417109
0.416716
0.407117
0.415188
0.36748
0.363072
0.39597
0.432503
0.457258
0.442256
0.483797
0.473623
0.429449
0.440616
0.429865
0.386018
0.412073
0.42993
0.419177
0.398092
0.39318
0.391045
0.407823
0.424673
0.462476
0.482261
0.451041
0.433032
0.46653
0.439074
0.384873
0.362792
0.403321
0.3612
0.371775
0.350509
0.34568
0.371342
0.382634
0.373537
0.365176
0.367303
0.376746
0.387145
0.392013
0.3971
0.349001
0.358861
0.371985
0.360218
0.35247
0.404345
0.413294
0.408331
0.370211
0.370217
0.38338
0.360669
0.364303
0.37638
0.364131
0.384353
0.39116
0.390851
0.400408
0.359168
0.391263
0.373642
0.420596
0.409965
0.391834
0.41062
0.438488
0.406054
0.399217
0.442795
0.461269
0.553054
0.462609
0.452174
0.361479
0.364748
0.353819
0.371879
0.367638
0.404031
0.408256
0.409365
0.424958
0.401878
0.405649
0.396233
0.398872
0.436624
0.424743
0.397841
0.409039
0.381666
0.418545
0.428348
0.437141
0.426591
0.478188
0.471674
0.377994
0.358553
0.350468
0.35566
0.363153
0.38176
0.372091
0.386417
0.457256
0.505314
0.391887
0.409612
0.369677
0.376947
0.358618
0.376672
0.348691
0.368779
0.3622
0.395839
0.438043
0.426768
0.406554
0.388944
0.437608
0.415045
0.372194
0.39468
0.467786
0.43335
0.454999
0.481517
0.458964
0.383969
0.426062
0.429562
0.447877
0.362517
0.379873
0.416552
0.468775
0.401575
0.431931
0.418319
0.390093
0.38221
0.429464
0.399692
0.428271
0.375193
0.391226
0.406693
0.392292
0.38692
0.38147
0.382849
0.390225
0.391337
0.390412
0.367957
0.352479
0.394116
0.354461
0.377364
0.357005
0.37272
0.38753
0.40438
0.403211
0.409314
0.398733
0.370593
0.371627
0.349813
0.342832
0.372164
0.391167
0.384622
0.4242
0.406279
0.405634
0.40978
0.4333
0.39079
0.437265
0.51082
0.543704
0.408465
0.393077
0.400793
0.362998
0.351242
0.385343
0.391675
0.395676
0.37237
0.361884
0.380962
0.35074
0.38818
0.448465
0.443382
0.400766
0.391241
0.400531
0.398875
0.392826
0.37382
0.398674
0.394153
0.387305
0.399276
0.406186
0.441886
0.426487
0.448557
0.431593
0.435036
0.379806
0.366574
0.403213
0.419909
0.397323
0.450577
0.401878
0.393657
0.43906
0.445298
0.468024
0.514189
0.483559
0.543077
0.555356
0.442021
0.414326
0.437389
0.38094
0.434737
0.435023
0.398122
0.379406
0.402843
0.400653
0.396092
0.429023
0.399869
0.414637
0.414514
0.422613
0.43867
0.405539
0.363814
0.346301
0.36781
0.382087
0.395794
0.356115
0.403197
0.49076
0.423557
0.414037
0.474786
0.40016
0.388367
0.424998
0.387312
0.39319
0.409588
0.43094
0.428838
0.465513
0.438671
0.380756
0.389156
0.413016
0.412694
0.416352
0.434877
0.436459
0.462669
0.438919
0.454891
0.523791
0.549631
0.441535
0.40573
0.425785
0.43328
0.405309
0.418428
0.424931
0.373851
0.353561
0.374582
0.374411
0.394289
0.422991
0.379492
0.363113
0.380172
0.460118
0.444731
0.379158
0.40504
0.471569
0.492921
0.506752
0.498476
0.47658
0.449881
0.440382
0.405749
0.373669
0.374692
0.390379
0.358989
0.387546
0.3999
0.359044
0.364987
0.382073
0.361243
0.389324
0.398571
0.432121
0.428594
0.476839
0.443379
0.413725
0.446192
0.407077
0.433251
0.444598
0.448466
0.451083
0.456648
0.404788
0.411476
0.39079
0.359984
0.374899
0.369614
0.386737
0.383127
0.410614
0.386443
0.376158
0.374633
0.39792
0.456136
0.460394
0.438406
0.464186
0.363257
0.374095
0.395546
0.393732
0.391237
0.364185
0.367022
0.366034
0.363415
0.361552
0.346081
0.360425
0.365099
0.405155
0.407769
0.389738
0.393737
0.411343
0.416792
0.460015
0.452913
0.460054
0.441827
0.44212
0.473186
0.488226
0.41126
0.448811
0.508487
0.42027
0.406559
0.421496
0.422934
0.422748
0.392649
0.381466
0.372278
0.402744
0.395236
0.411616
0.390596
0.410499
0.38404
0.34573
0.35855
0.360431
0.341706
0.347456
0.341952
0.351703
0.381137
0.377798
0.377879
0.34719
0.347967
0.343688
0.349181
0.362691
0.393364
0.40715
0.423734
0.376747
0.36592
0.383516
0.438094
0.495639
0.411402
0.43114
0.400866
0.351573
0.380599
0.391753
0.404532
0.379887
0.351291
0.351434
0.360684
0.374417
0.403781
0.401911
0.40045
0.393131
0.390338
0.42229
0.397297
0.436773
0.425072
0.446758
0.454808
0.381668
0.372267
0.36418
0.382015
0.440759
0.446732
0.453612
0.425414
0.484753
0.484833
0.507467
0.422068
0.409901
0.421287
0.434134
0.42793
0.400427
0.37314
0.424149
0.446248
0.42797
0.379926
0.38949
0.408021
0.383524
0.398953
0.412978
0.416608
0.45233
0.44368
0.442747
0.430543
0.472518
0.456166
0.427048
0.429891
0.428309
0.42465
0.451768
0.425994
0.390383
0.409044
0.442659
0.569723
0.502766
0.419479
0.441493
0.464201
0.448213
0.44421
0.440519
0.442656
0.425857
0.484195
0.476537
0.415685
0.457173
0.398952
0.438721
0.461571
0.365235
0.366046
0.424991
0.476925
0.450169
0.418377
0.408273
0.425645
0.438078
0.454479
0.507526
0.545762
0.504002
0.474921
0.484553
0.446652
0.412054
0.423505
0.495744
0.449787
0.432595
0.439487
0.455326
0.467892
0.468497
0.485799
0.458173
0.467657
0.439041
0.365584
0.425018
0.438062
0.41272
0.441757
0.431453
0.400896
0.407821
0.50009
0.507519
0.523789
0.548573
0.390996
0.397824
0.406945
0.417675
0.427154
0.415449
0.406336
0.3832
0.352
0.380482
0.390246
0.408356
0.361941
0.368134
0.420363
0.443574
0.42364
0.374908
0.38407
0.431409
0.383239
0.396668
0.345911
0.35634
0.367859
0.393339
0.431036
0.463459
0.56434
0.542614
0.505291
0.489573
0.487186
0.493315
0.527881
0.437784
0.42227
0.441286
0.469293
0.465183
0.488083
0.490429
0.46999
0.498268
0.521776
0.456339
0.495246
0.46106
0.453134
0.454789
0.39446
0.389612
0.390225
0.384337
0.420344
0.426045
0.423887
0.456392
0.455967
0.471874
0.427002
0.434338
0.460122
0.465482
0.472056
0.429063
0.398768
0.475197
0.455159
0.56043
0.390737
0.365797
0.36594
0.349783
0.352134
0.377928
0.378889
0.428492
0.425761
0.434746
0.426125
0.500789
0.513666
0.449112
0.508821
0.485527
0.463355
0.44868
0.471473
0.432974
0.482135
0.503175
0.481999
0.500704
0.492319
0.521756
0.460476
0.381823
0.398359
0.416532
0.399862
0.398786
0.422556
0.392962
0.401832
0.371952
0.363818
0.378641
0.361176
0.373441
0.433384
0.405021
0.396876
0.422303
0.440065
0.418665
0.414772
0.390856
0.388926
0.42385
0.428998
0.398167
0.390152
0.372219
0.364322
0.363494
0.36219
0.357695
0.361416
0.361606
0.371643
0.388486
0.404724
0.380118
0.394747
0.395491
0.379444
0.378713
0.408418
0.392527
0.385314
0.361217
0.392474
0.395332
0.411132
0.409581
0.387639
0.384379
0.369621
0.376715
0.413693
0.425166
0.465382
0.43298
0.378285
0.410657
0.403612
0.389395
0.38537
0.389895
0.393236
0.398811
