0.472766
0.591435
0.543247
0.59192
0.57338
0.585708
0.501957
0.489047
0.441445
0.479181
0.538542
0.510625
0.460326
0.496118
0.461851
0.426635
0.505168
0.494356
0.445405
0.518962
0.485174
0.519043
0.465195
0.453421
0.466868
0.43145
0.432235
0.49546
0.47698
0.513263
0.475754
0.501202
0.513245
0.492237
0.4966
0.484779
0.467289
0.471701
0.451811
0.456507
0.507421
0.481928
0.494271
0.46356
0.474304
0.457089
0.483685
0.464803
0.488883
0.480644
0.491977
0.48917
0.448329
0.464437
0.466648
0.475774
0.480189
0.477702
0.461947
0.487761
0.469203
0.479358
0.454285
0.456468
0.435688
0.442955
0.428087
0.452363
0.490149
0.475335
0.474799
0.468432
0.445283
0.433404
0.482607
0.423863
0.468009
0.464298
0.446896
0.408846
0.452907
0.486658
0.462647
0.470033
0.442179
0.440326
0.435889
0.465899
0.429231
0.482308
0.415416
0.424303
0.380395
0.372132
0.415967
0.386091
0.417008
0.41444
0.419843
0.445353
0.497482
0.450507
0.495067
0.44357
0.413432
0.394093
0.406246
0.413658
0.400779
0.41538
0.415108
0.413072
0.396699
0.377051
0.398034
0.395536
0.403556
0.421076
0.392542
0.391578
0.415843
0.405193
0.417511
0.389763
0.370038
0.384062
0.383565
0.421576
0.403358
0.37391
0.372925
0.355437
0.371566
0.379011
0.368107
0.35434
0.345227
0.350079
0.348695
0.356552
0.359921
0.373645
0.372361
0.390503
0.381044
0.382789
0.388809
0.392461
0.367635
0.355326
0.355176
0.356923
0.347
0.364054
0.371932
0.368206
0.359511
0.36972
0.380161
0.375702
0.40427
0.40017
0.366404
0.381633
0.395528
0.397065
0.374508
0.373741
0.388112
0.400245
0.394194
0.388374
0.389148
0.418908
0.395196
0.393094
0.382949
0.438145
0.403504
0.42202
0.385664
0.36931
0.374794
0.369258
0.350322
0.351171
0.362015
0.372349
0.376825
0.384312
0.38394
0.383952
0.364326
0.347429
0.351062
0.343818
0.351754
0.353536
0.347437
0.34036
0.346652
0.351091
0.363074
0.380786
0.382074
0.397935
0.419182
0.461865
0.479627
0.454014
0.391947
0.411759
0.448861
0.434741
0.42634
0.381197
0.431303
0.387804
0.415906
0.413878
0.422338
0.437863
0.401096
0.402203
0.377407
0.39038
0.420863
0.412021
0.405251
0.416227
0.408779
0.429901
0.422023
0.415417
0.41481
0.427573
0.40827
0.417041
0.42915
0.432307
0.444085
0.464887
0.440917
0.411564
0.403983
0.466961
0.456937
0.467405
0.519496
0.437356
0.496158
0.514709
0.442034
0.40384
0.414452
0.372786
0.389537
0.44204
0.438648
0.447563
0.464063
0.409631
0.417091
0.388265
0.3775
0.36814
0.405272
0.414346
0.421573
0.422742
0.388525
0.40792
0.432844
0.410548
0.392933
0.380599
0.38088
0.377962
0.379427
0.403178
0.389487
0.381792
0.384851
0.395812
0.396049
0.376562
0.418237
0.439792
0.37846
0.399813
0.411795
0.404797
0.387148
0.410816
0.411846
0.397499
0.423142
0.420676
0.437906
0.418111
0.428588
0.404584
0.415807
0.402669
0.39727
0.388176
0.38145
0.364422
0.366984
0.358228
0.360048
0.342849
0.343179
0.339349
0.339606
0.332604
0.340441
0.341023
0.34492
0.354317
0.375937
0.367161
0.35642
0.345284
0.341039
0.339097
0.349798
0.341739
0.356892
0.357378
0.374286
0.359801
0.354622
0.36655
0.414844
0.412143
0.506768
0.473806
0.465416
0.45192
0.477908
0.451675
0.479216
0.472701
0.478669
0.44516
0.45642
0.417604
0.397844
0.455218
0.407018
0.402541
0.44009
0.397898
0.419721
0.406613
0.432834
0.430632
0.428886
0.403966
0.412096
0.413042
0.379802
0.369978
0.365011
0.362238
0.385385
0.374214
0.370243
0.395215
0.364321
0.38834
0.393248
0.40767
0.391012
0.391435
0.402572
0.400844
0.440021
0.442501
0.42567
0.40569
0.399704
0.470356
0.463656
0.412946
0.437515
0.510461
0.484979
0.449796
0.427292
0.457228
0.432602
0.430847
0.416775
0.418193
0.420585
0.399378
0.402819
0.430239
0.455742
0.427007
0.423357
0.421195
0.418824
0.371079
0.390546
0.363225
0.365371
0.382401
0.401807
0.401234
0.393304
0.39374
0.414676
0.410253
0.386597
0.398555
0.418869
0.435324
0.448608
0.410694
0.415678
0.427765
0.405274
0.378558
0.408536
0.432427
0.448095
0.452088
0.482537
0.421372
0.465975
0.481901
0.438486
0.376755
0.381846
0.405607
0.405962
0.392549
0.427104
0.399541
0.419348
0.458326
0.432663
0.457659
0.481592
0.476507
0.440762
0.461438
0.406106
0.403204
0.356348
0.35465
0.367988
0.398676
0.392609
0.460062
0.426334
0.393313
0.385611
0.400924
0.386099
0.38701
0.411491
0.451303
0.452022
0.405372
0.386456
0.36528
0.375403
0.42268
0.460098
0.425684
0.416518
0.479586
0.427046
0.448392
0.483789
0.479506
0.398827
0.458662
0.431869
0.435086
0.428192
0.424585
0.450777
0.410422
0.401318
0.391365
0.407053
0.406039
0.376926
0.368261
0.351785
0.36232
0.389193
0.400973
0.394035
0.411851
0.420899
0.415591
0.395915
0.387663
0.366569
0.348577
0.377551
0.42974
0.432176
0.4896
0.395834
0.402489
0.397504
0.444492
0.419882
0.439734
0.435577
0.460423
0.428215
0.407246
0.39992
0.375222
0.363024
0.359535
0.35581
0.352935
0.349558
0.364845
0.361854
0.388515
0.398705
0.413455
0.402614
0.393752
0.387707
0.362115
0.355448
0.355402
0.363439
0.373865
0.376944
0.390541
0.428714
0.416857
0.409875
0.417586
0.425975
0.370574
0.379086
0.392488
0.423933
0.442162
0.427736
0.399296
0.387976
0.371714
0.40301
0.392715
0.401146
0.418137
0.427232
0.437826
0.457339
0.44162
0.462874
0.369061
0.46057
0.416479
0.451635
0.456049
0.414163
0.395036
0.36339
0.359496
0.348558
0.353076
0.343666
0.365425
0.387425
0.379718
0.398791
0.365098
0.354966
0.358966
0.348119
0.353856
0.352266
0.37291
0.391354
0.440036
0.48771
0.447982
0.411008
0.414024
0.438051
0.42665
0.410508
0.405933
0.410614
0.423934
0.449291
0.452432
0.474433
0.437703
0.421788
0.420392
0.444487
0.395198
0.418697
0.428322
0.451069
0.43607
0.424939
0.401697
0.387193
0.363453
0.357619
0.389481
0.419437
0.436407
0.44038
0.418579
0.395046
0.379479
0.38946
0.405361
0.462623
0.452458
0.44785
0.41936
0.437747
0.433712
0.413505
0.435847
0.446842
0.405276
0.380803
0.373773
0.356
0.365433
0.360399
0.367855
0.394505
0.412571
0.429577
0.449243
0.423902
0.443782
0.510416
0.463893
0.434944
0.409734
0.368776
0.352871
0.368331
0.390242
0.381348
0.362473
0.368653
0.396491
0.475073
0.459468
0.434773
0.48818
0.414616
0.427969
0.453116
0.460578
0.440672
0.417981
0.40754
0.40091
0.393046
0.420855
0.42919
0.403881
0.386821
0.421787
0.405684
0.379712
0.372066
0.376784
0.380664
0.362341
0.358137
0.353391
0.343474
0.351946
0.350799
0.352583
0.36658
0.360082
0.379675
0.376532
0.368132
0.357797
0.353186
0.352767
0.364392
0.382273
0.368071
0.385016
0.405419
0.390486
0.375047
0.381756
0.390515
0.391702
0.408493
0.393303
0.374294
0.368416
0.35149
0.355358
0.343231
0.345232
0.380071
0.363268
0.375386
0.394999
0.380139
0.426967
0.381813
0.391433
0.391629
0.380641
0.364895
0.369306
0.352987
0.356496
0.363871
0.359436
0.366494
0.361653
0.370318
0.353844
0.359085
0.363336
0.381111
0.398993
0.390217
0.394119
0.385829
0.404639
0.409687
0.403549
0.407757
0.420861
0.399298
0.41204
0.397814
0.4192
0.376832
0.395299
0.405856
0.396116
0.398279
0.387288
0.391971
0.378552
0.376619
0.371029
0.362395
0.36006
0.36184
0.374722
0.366671
0.377287
0.370222
0.356105
0.338613
0.339963
0.345421
0.351831
0.37241
0.364214
0.349279
0.36332
0.350024
0.354315
0.375605
0.38752
0.38925
0.394963
0.388355
0.355972
0.342912
0.337644
0.340165
0.34058
0.346474
0.379881
0.375196
0.389789
0.389221
0.408998
0.380402
0.356657
0.371046
0.396608
0.397059
0.412216
0.410669
0.406376
0.430973
0.396974
0.398182
0.407591
0.398889
0.366516
0.389369
0.435986
0.396084
0.402819
0.412744
0.420063
0.372996
0.367323
0.3644
0.374176
0.364352
0.357202
0.350596
0.341355
0.368321
0.359188
0.358727
0.361552
0.376734
0.393752
0.408311
0.443125
0.436937
0.414554
0.485765
0.464692
0.48565
0.503058
0.4115
0.383039
0.381981
0.391959
0.394094
0.408582
0.393231
0.407169
0.417964
0.395434
0.373709
0.370052
0.374493
0.40182
0.400225
0.409988
0.373234
0.380926
0.403748
0.414154
0.41892
0.443091
0.487121
0.430196
0.485721
0.476483
0.434097
0.426188
0.44556
0.455955
0.470743
0.460317
0.456835
0.441214
0.472261
0.491233
0.470765
0.509002
0.486621
0.516096
0.550963
0.489047
0.50325
0.37366
0.363696
0.362957
0.372184
0.371147
0.393626
0.388188
0.395648
0.408162
0.434426
0.397831
0.37661
0.370669
0.37315
0.38652
0.395192
0.440656
0.438014
0.474905
0.480821
0.47635
0.444802
0.438137
0.416412
0.502013
0.517832
0.460632
0.49245
0.449447
0.425378
0.413203
0.413589
0.396269
0.370179
0.382767
0.370808
0.365328
0.379603
0.390679
0.36689
0.364729
0.366114
0.361542
0.380739
0.383873
0.418753
0.380747
0.377148
0.395575
0.3814
0.383241
0.380581
0.403917
0.372628
0.37609
0.368261
0.362164
0.37169
0.387393
0.39679
0.407384
0.431655
0.434176
0.40631
0.393697
0.384783
0.363516
0.359229
0.367904
0.392884
0.41687
0.428262
0.44974
0.45061
0.429732
0.403299
0.40687
0.418761
0.410449
0.398487
0.447234
0.44904
0.412832
0.432982
0.415405
0.445454
0.440501
0.432926
0.452705
0.463404
0.456029
0.45114
0.501574
0.488655
0.494519
0.540541
0.425609
0.43316
0.490759
0.502331
0.467606
0.43827
0.438177
0.420093
0.412632
0.427306
0.393865
0.409634
0.423823
0.410841
0.454373
0.418641
0.396305
0.405151
0.383701
0.384964
0.405974
0.405347
0.402482
0.391231
0.389504
0.410592
0.406697
0.39587
0.398073
0.411073
0.421502
0.386619
0.387953
0.380974
0.392619
0.406742
0.392958
0.370838
0.385304
0.414581
0.43181
0.448428
0.424191
0.416011
0.383237
0.370952
0.367459
0.438436
0.355163
0.357256
0.362087
0.358758
0.363837
0.359721
0.351826
0.349625
0.346455
0.349766
0.36012
0.361063
0.356353
0.342175
0.341311
0.339317
0.343256
0.351707
0.337981
0.348027
0.351323
0.360101
0.359895
0.368354
0.352392
0.3483
0.355564
0.372419
0.359162
0.34579
0.344524
0.345927
0.354639
0.352773
0.364739
0.370231
0.385531
0.370672
0.387033
0.39695
0.373751
0.39198
0.393174
0.36627
0.354297
0.347525
0.343731
0.352495
0.355487
0.358983
0.367845
0.364296
0.380244
0.3794
0.397127
0.374175
0.397133
0.369928
0.354893
0.369886
0.372818
0.395213
0.381031
0.395313
0.40495
0.397398
0.381178
0.353741
0.383038
0.378202
0.370572
0.368421
0.370918
0.360101
0.386257
0.402148
0.404743
0.40652
0.39011
0.371401
0.395581
0.402604
0.438589
0.45269
0.429802
0.427621
0.450416
0.408307
0.456054
0.473812
0.496177
0.491822
0.442967
0.496153
0.486359
0.451515
0.4272
0.384961
0.392459
0.388988
0.387109
0.388794
0.418311
0.442993
0.435478
0.446965
0.409291
0.407614
0.399194
0.401395
0.396236
0.431675
0.423645
0.423611
0.420939
0.424875
0.408805
0.418863
0.421535
0.384183
0.400736
0.394509
0.379408
0.354612
0.349258
0.348919
0.359101
0.360895
0.354504
0.36881
0.353574
0.367419
0.394114
0.39415
0.392487
0.408566
0.390913
0.368528
0.362048
0.378366
0.381893
0.3743
0.369902
0.373226
0.393156
0.404197
0.399054
0.388478
0.38721
0.371674
0.384
0.387936
0.39641
0.405372
0.382229
0.384136
0.36492
0.348069
0.348918
0.342575
0.351018
0.348603
0.338364
0.351508
0.346557
0.34489
0.363392
0.362422
0.371644
0.359525
0.362235
0.389155
0.405675
0.412342
0.392656
0.397081
0.396579
0.392253
0.364311
0.353439
0.357879
0.355879
0.348795
0.355478
0.359816
0.385125
0.417715
0.372357
0.375685
0.383848
0.409271
0.378329
0.371016
0.377904
0.38843
0.383343
0.379598
0.42542
0.441586
0.484311
0.444786
0.414132
0.428786
0.435704
0.433196
0.413523
0.423289
0.386451
0.395006
0.371809
0.381528
0.369727
0.370443
0.368739
0.364709
0.389366
0.39508
0.411827
0.461873
0.460065
0.448702
0.492978
0.457601
0.443024
0.432021
0.434831
0.415993
0.561928
0.544061
0.523563
0.489845
0.47725
0.543171
0.483418
0.456128
0.433784
0.462744
0.507046
0.490906
0.519568
0.509538
0.534231
0.514726
0.456625
0.463916
0.419262
0.395333
0.39304
0.367019
0.374296
0.395733
0.395947
0.390646
0.392385
0.392269
0.410819
0.408592
0.404173
0.41267
0.396338
0.383641
0.366203
0.358961
0.368564
0.367049
0.38112
0.372725
0.379795
0.388969
0.372259
0.37395
0.402916
0.417792
0.419676
0.443484
0.424723
0.38876
0.393272
0.355093
0.355574
0.354172
0.340579
0.345206
0.350891
0.358123
0.355499
0.348638
0.345088
0.34577
0.349905
0.344088
0.34591
0.343273
0.346236
0.357522
0.367146
0.374197
0.41059
0.425646
0.417162
0.395937
0.420205
0.430576
0.430705
0.411224
0.397245
0.408158
0.375408
0.356819
0.356832
0.358942
0.361185
0.352221
0.347032
0.363732
0.361808
0.381167
0.393052
0.381807
0.413376
0.414598
0.394032
0.409832
0.414421
0.40774
0.394526
0.38893
0.40413
0.43442
0.397623
0.362254
0.358695
0.342106
0.346835
0.346445
0.352751
0.354693
0.356742
0.354706
0.348681
0.347851
0.340136
0.343463
0.351319
0.340067
0.348335
0.346545
0.359368
0.37637
0.369894
0.373218
0.353179
0.355816
0.34858
0.386809
0.393874
0.369314
0.362602
0.375238
0.374102
0.376009
0.368896
0.383321
0.391936
0.40546
0.405993
0.413055
0.41917
0.384307
0.399884
0.366866
0.358298
0.368549
0.357741
0.372268
0.392041
0.398593
0.41598
0.414435
0.385421
0.385194
0.376502
0.372305
0.366787
0.374148
0.396308
0.395585
0.399121
0.398655
0.383721
0.368567
0.356825
0.353482
0.349887
0.352223
0.356652
0.341264
0.34467
0.367694
0.377151
0.371025
0.373579
0.361755
0.353144
0.353168
0.355928
0.364843
0.396043
0.390895
0.385773
0.379967
0.360793
0.363646
0.366294
0.375292
0.384155
0.37208
0.356759
0.351383
0.367074
0.370092
0.371009
0.363905
0.356016
0.378243
0.399148
0.403212
0.371914
0.39738
0.40031
0.381843
0.356296
0.355474
0.392116
0.391432
0.367853
0.36499
0.363894
0.349685
0.342282
0.341336
0.345469
0.344459
0.345553
0.362219
0.391415
0.378263
0.3776
0.363173
0.370318
0.3784
0.384595
0.365706
0.388831
0.387677
0.368123
0.361039
0.354995
0.355601
0.352802
0.347805
0.36341
0.375409
0.392812
0.416391
0.368234
0.358249
0.351274
0.346377
0.343778
0.36281
0.346179
0.344239
0.347992
0.344412
0.343085
0.349314
0.341634
0.335811
0.351281
0.348752
0.357514
0.358912
0.387333
0.415911
0.420993
0.407575
0.397121
0.380518
0.368802
0.363912
0.369049
0.382964
0.381798
0.372166
0.37198
0.39273
0.404327
0.384732
0.372141
0.395115
0.401186
0.374143
0.373256
0.356858
0.387006
0.355232
0.409752
0.414629
0.400216
0.410475
0.423424
0.404995
0.38321
0.381513
0.370035
0.367682
0.358844
0.360696
0.352536
0.362202
0.38007
0.395926
0.386049
0.365023
0.349853
0.345439
0.34069
0.339257
0.358272
0.375862
0.361303
0.354174
0.4
0.395803
0.362839
0.352975
0.349064
0.355055
0.359688
0.383882
0.403846
0.383788
0.405382
0.363789
0.345499
0.354097
0.354818
0.367476
0.392659
0.388078
0.364573
0.36087
0.36322
0.357278
0.368736
0.36684
0.380532
0.357087
0.351388
0.350171
0.358748
0.354532
0.362805
0.370945
0.381753
0.388338
0.38517
0.424708
0.436786
0.431532
0.434602
0.428479
0.403756
0.41857
0.413645
0.393965
0.389566
0.421779
0.380941
0.395246
0.436819
0.513893
0.528978
0.558449
0.494644
0.458499
0.446517
0.448534
0.421685
0.398854
0.398993
0.427393
0.419501
0.45172
0.413156
0.409366
0.397363
0.382204
0.394778
0.405335
0.423424
0.454906
0.407578
0.377677
0.358497
0.35293
0.372247
0.398786
0.434694
0.423818
0.389125
0.394232
0.414278
0.440165
0.409019
0.362524
0.357434
0.348878
0.348952
0.349254
0.35118
0.363032
0.350175
0.355023
0.352493
0.357971
0.350774
0.351547
0.35095
0.348197
0.345442
0.357132
0.343482
0.344838
0.346045
0.346738
0.349512
0.344821
0.352081
0.357642
0.385632
0.438518
0.433864
0.407943
0.391045
0.401437
0.392637
0.411249
0.383622
0.391969
0.40191
0.378027
0.402991
0.411335
0.414681
0.37729
0.370813
0.371777
0.394571
0.373944
0.373636
0.380018
0.407903
0.404102
0.374551
0.360428
0.362999
0.352134
0.370989
0.365898
0.355368
0.346568
0.362412
0.381964
0.383815
0.387915
0.414806
0.395735
0.401137
0.417883
0.406129
0.411536
0.379684
0.381727
0.384328
0.372172
0.372262
0.380518
0.379679
0.409303
0.406408
0.39651
0.376485
0.359798
0.371593
0.372995
0.373726
0.3876
0.392279
0.393225
0.390234
0.384115
0.404968
0.403618
0.424318
0.37651
0.382877
0.396421
0.388235
0.408775
0.40694
0.405805
0.407693
0.406108
0.406996
0.396583
0.384342
0.412064
0.42046
0.403969
0.398443
0.387882
0.415079
0.397092
0.42115
0.40786
0.404842
0.374621
0.391271
0.389762
0.364808
0.371726
0.355628
0.349939
0.339304
0.346062
0.347362
0.360909
0.368831
0.361949
0.368143
0.372
0.357661
0.360499
0.371738
0.37228
0.38018
0.348617
0.346957
0.366476
0.381524
0.363359
0.369274
0.375082
0.389689
0.380742
0.394898
0.377843
0.366372
0.368752
0.378873
0.368735
0.348332
0.357236
0.354047
0.347134
0.358895
0.367028
0.359444
0.372577
0.357057
0.345522
0.342546
0.342916
0.344285
0.347857
0.36636
0.385097
0.361052
0.378907
0.38067
0.38028
0.370728
0.368721
0.373495
0.382898
0.402231
0.4054
0.395828
0.38086
0.376703
0.388188
0.390744
0.373079
0.407666
0.372326
0.353524
0.357562
0.378189
0.39497
0.369839
0.360984
0.353996
0.347664
0.361331
0.386435
0.396639
0.375068
0.370857
0.396735
0.394144
0.367245
0.370919
0.413305
0.403878
0.384447
0.378552
0.370897
0.365284
0.359806
0.358495
0.373946
0.388438
0.412589
0.444474
0.43845
0.455213
0.477242
0.446069
0.459571
0.452446
0.43259
0.399049
0.413044
0.424484
0.424751
0.450734
0.451841
0.498143
0.424675
0.417223
0.422112
0.474462
0.445724
0.427878
0.397319
0.388815
0.37691
0.362787
0.37997
0.406572
0.404213
0.387985
0.392865
0.369487
0.390255
0.438923
0.458387
0.491804
0.445305
0.451322
0.435686
0.394829
0.375916
0.391193
0.411633
0.448333
0.435601
0.394532
0.384543
0.386248
0.412701
0.432872
0.417589
0.398453
0.401023
0.417183
0.449258
0.406188
0.377824
0.353171
0.362427
0.363696
0.380912
0.373836
0.357109
0.355638
0.360643
0.367046
0.368049
0.388121
0.378132
0.419
0.450437
0.446933
0.40922
0.438623
0.464194
0.386427
0.463328
0.44557
0.488117
0.460917
0.452643
0.436507
0.436229
0.421892
0.463263
0.458983
0.502988
0.502298
0.46078
0.49222
0.46252
0.503365
0.483539
0.473181
0.448596
0.434013
0.429482
0.457578
0.400404
0.424531
0.454274
0.462347
0.424593
0.428027
0.428417
0.426366
0.414485
0.43834
0.44596
0.430623
0.397388
0.373509
0.369417
0.377024
0.427436
0.41991
0.415808
0.399379
0.396642
0.408109
0.428562
0.427483
0.429352
0.448482
0.422096
0.433453
0.410767
0.413157
0.414204
0.417537
0.376714
0.382481
0.396753
0.41638
0.376609
0.422536
0.407866
0.375
0.370777
0.370963
0.382319
0.41513
0.40695
0.388771
0.418163
0.405745
0.408037
0.411197
0.403909
0.411472
0.403334
0.450697
0.452484
0.476221
0.478384
0.497176
0.407881
0.459311
0.51617
0.494914
0.450342
0.483926
0.431502
0.446808
0.487278
0.465146
0.430169
0.404306
0.422903
0.423253
0.439123
0.4704
0.442063
0.499258
0.463267
0.432987
0.49222
0.491673
0.483808
0.419552
0.371763
0.422962
0.390942
0.396683
0.391612
0.374423
0.354303
0.354716
0.368534
0.356734
0.363507
0.380834
0.376564
0.408578
0.427359
0.41523
0.391566
0.35857
0.362184
0.353036
0.353011
0.374309
0.387444
0.380797
0.375007
0.371068
0.348657
0.351266
0.372062
0.385064
0.362748
0.348287
0.33802
0.344623
0.351156
0.344385
0.337691
0.346398
0.350806
0.350144
0.366558
0.361172
0.383324
0.384189
0.373289
0.362676
0.364316
0.391393
0.420039
0.373335
0.363417
0.377085
0.382068
0.370413
0.361652
0.360211
0.366702
0.365179
0.3665
0.382848
0.376858
0.367227
0.350764
0.364026
0.379923
0.381956
0.375362
0.375272
0.382093
0.38429
0.39168
0.393652
0.384893
0.385706
0.399484
0.391889
0.38568
0.41488
0.426865
0.407788
0.384917
0.370137
0.353822
0.348056
0.354034
0.345124
0.348945
0.344518
0.346629
0.353772
0.361227
0.38078
0.362195
0.350444
0.364514
0.386579
0.398911
0.37684
0.362549
0.363907
0.35023
0.340221
0.337509
0.344408
0.34956
0.362857
0.383067
0.396157
0.400818
0.398836
0.431535
0.40754
0.428241
0.416008
0.400926
0.406378
0.406822
0.415111
0.406139
0.416565
0.39522
0.362544
0.365085
0.390789
0.374015
0.356394
0.358053
0.372575
0.377375
0.369834
0.38556
0.384034
0.39224
0.389744
0.373858
0.347519
0.354262
0.36172
0.376533
0.360241
0.378431
0.352432
0.363292
0.35565
0.37256
0.392748
0.388715
0.361329
0.365369
0.370196
0.353399
0.361194
0.360167
0.37382
0.383241
0.385104
0.389772
0.387866
0.374602
0.384006
0.372776
0.38131
0.411529
0.402674
0.381035
0.376377
0.395237
0.402637
0.396734
0.405719
0.41118
0.407587
0.404666
0.368632
0.353395
0.352177
0.347321
0.366047
0.382942
0.391491
0.397397
0.405892
0.376221
0.381422
0.370454
0.372402
0.370809
0.368378
0.391334
0.420235
0.410758
0.411309
0.448745
0.434256
0.431602
0.421885
0.394196
0.380305
0.375571
0.358064
0.385197
0.412497
0.425247
0.376481
0.391577
0.415106
0.429012
0.44361
0.442304
0.454173
0.429766
0.433906
0.428964
0.402245
0.431671
0.406583
0.393435
0.383928
0.41871
0.421391
0.375111
0.38593
0.399502
0.431144
0.464565
0.451812
0.453077
0.494335
0.458726
0.437538
0.454295
0.461902
0.550478
0.554983
0.568632
0.551598
0.539674
0.487589
0.403097
0.457388
0.467556
0.500208
0.511671
0.461491
0.493917
0.394719
0.3741
0.39227
0.356085
0.347019
0.350012
0.360928
0.366454
0.365906
0.351194
0.372215
0.365169
0.349794
0.364142
0.35015
0.353317
0.353035
0.364088
0.384262
0.369867
0.372489
0.368988
0.359477
0.363342
0.360555
0.371654
0.383959
0.391351
0.402213
0.405844
0.402459
0.417019
0.395262
0.400771
0.411613
0.407055
0.427117
0.397157
0.439597
0.395413
0.405527
0.409078
0.417385
0.411803
0.414817
0.484882
0.399249
0.393463
0.411831
0.41195
0.379834
0.411145
0.384688
0.390575
0.40784
0.433312
0.411661
0.415857
0.388059
0.386703
0.390781
0.397541
0.410947
0.38696
0.395041
0.393213
0.408191
0.397578
0.397729
0.415334
0.488059
0.47611
0.475529
0.435849
0.405934
0.387117
0.42042
0.466739
0.408062
0.380881
0.363655
0.379787
0.406864
0.442886
0.430417
0.390878
0.375524
0.368784
0.361477
0.36502
0.379039
0.418579
0.446511
0.442353
0.435947
0.462817
0.381135
0.369556
0.404182
0.458042
0.402916
0.417809
0.406514
0.437094
0.449248
0.441523
0.447676
0.439807
0.426382
0.436149
0.428512
0.387992
0.437882
0.440811
0.443689
0.432609
0.437711
0.483479
0.514497
0.509716
0.47837
0.483781
0.491181
0.48418
0.397294
0.402414
0.394988
0.366122
0.358599
0.34968
0.365182
0.360821
0.368602
0.352885
0.350853
0.358803
0.347343
0.351021
0.343625
0.346357
0.344242
0.344087
0.353974
0.370286
0.384867
0.366979
0.37149
0.349174
0.356064
0.367205
0.384406
0.383128
0.388748
0.376134
0.390856
0.372627
0.358767
0.375142
0.36718
0.378121
0.381447
0.388225
0.392803
0.390723
0.434073
0.477933
0.466389
0.451788
0.484802
0.523469
0.507766
0.496487
0.505974
0.425246
0.388885
0.375436
0.38982
0.409259
0.439218
0.428165
0.400325
0.391822
0.386965
0.398448
0.384536
0.353763
0.354622
0.357499
0.368194
0.359478
0.393251
0.393543
0.370879
0.361633
0.36082
0.348888
0.366564
0.349693
0.356226
0.386382
0.39759
0.370074
0.376142
0.346873
0.344353
0.343758
0.350437
0.362779
0.36933
0.367156
0.372264
0.366254
0.366536
0.377579
0.360112
0.362253
0.352529
0.348889
0.354951
0.376679
0.4043
0.436143
0.458864
0.46461
0.437422
0.435254
0.415131
0.402647
0.454753
0.462296
0.427032
0.392228
0.384985
0.416384
0.398308
0.413686
0.415309
0.373128
0.364222
0.382501
0.409749
0.421205
0.42748
0.449273
0.442005
0.441113
0.423474
0.410368
0.408972
0.426523
0.422655
0.386926
0.4023
0.374117
0.361218
0.358633
0.357521
0.361306
0.373112
0.40877
0.421104
0.464911
0.475771
0.448468
0.44462
0.514003
0.472901
0.417589
0.444516
0.410524
0.424998
0.422502
0.456771
0.487087
0.483003
0.428832
0.441478
0.517459
0.501366
0.482736
0.458845
0.449781
0.477232
0.480758
0.480656
0.40193
0.39332
0.390587
0.379143
0.375733
0.377961
0.379935
0.416432
0.445151
0.450791
0.457189
0.430032
0.429092
0.405533
0.428381
0.467371
0.446301
0.473296
0.438361
0.427647
0.392095
0.361819
0.349189
0.355016
0.375392
0.369216
0.353553
0.376776
0.401684
0.390375
0.39495
0.405173
0.417739
0.426342
0.433231
0.431415
0.468379
0.487585
0.482728
0.468662
0.425938
0.372199
0.387681
0.412537
0.414021
0.425433
0.411285
0.451315
0.440295
0.431047
0.41129
0.428498
0.425022
0.429257
0.387222
0.377545
0.379633
0.380873
0.386916
0.425753
0.381199
0.373716
0.373792
0.39092
0.385728
0.384364
0.435276
0.474823
0.442784
0.420943
0.355901
0.386683
0.399399
0.438232
0.461389
0.445874
0.440134
0.410315
0.431299
0.405075
0.404666
0.424877
0.435098
0.410546
0.368601
0.36411
0.357437
0.355825
0.384374
0.390985
0.398797
0.396375
0.404144
0.422157
0.39098
0.397641
0.410955
0.407519
0.388521
0.402673
0.384351
0.388671
0.383339
0.363878
0.367318
0.405207
0.414691
0.389164
0.374896
0.371198
0.392585
0.375586
0.357161
0.380474
0.381737
0.396502
0.41222
0.408143
0.390964
0.393836
0.369143
0.367267
0.391421
0.419908
0.388484
0.382055
0.37785
0.382915
0.383828
0.407801
0.394998
0.410124
0.372168
0.361628
0.349597
0.347645
0.363118
0.343932
0.34647
0.353037
0.355722
0.370273
0.402245
0.419547
0.402123
0.380165
0.365319
0.342158
0.346197
0.351282
0.354675
0.353147
0.379294
0.404038
0.383319
0.373631
0.353158
0.363572
0.356044
0.348829
0.367714
0.376479
0.379428
0.369835
0.368193
0.380596
0.370303
0.369573
0.400713
0.41236
0.408616
0.421338
0.386272
0.416364
0.388222
0.413081
0.434798
0.403823
0.387876
0.358361
0.391911
0.42268
0.439996
0.414339
0.397302
0.448098
0.413069
0.362262
0.376215
0.383709
0.360681
0.363612
0.370326
0.374422
0.368268
0.37959
0.370674
0.372666
0.370124
0.360977
0.342186
0.342626
0.342911
0.354163
0.339795
0.33428
0.348004
0.345664
0.341046
0.363674
0.359314
0.377024
0.395656
0.38173
0.399794
0.4006
0.383508
0.388329
0.407898
0.380516
0.385453
0.378998
0.373178
0.398875
0.44238
0.429506
0.416433
0.425043
0.4079
0.442603
0.382885
0.406059
0.394379
0.444736
0.416592
0.3821
0.382646
0.418948
0.423311
0.406532
0.380203
0.398432
0.425225
0.431518
0.469688
0.410679
0.438622
0.420052
0.415886
0.398286
0.369719
0.370004
0.379079
0.413878
0.449896
0.426426
0.488262
0.457201
0.434333
0.537097
0.536605
0.562956
0.529844
0.559067
0.572946
0.582271
0.485297
0.418456
0.429495
0.393253
0.399543
0.402028
0.391264
0.365
0.400484
0.411995
0.389858
0.394318
0.395941
0.422811
0.400163
0.387459
0.375491
0.371642
0.350899
0.349669
0.343439
0.360923
0.351431
0.343614
0.352394
0.36589
0.377513
0.380127
0.389143
0.397931
0.385877
0.420009
0.394817
0.375701
0.389668
0.37992
0.404348
0.417359
0.388493
0.384157
0.370722
0.377675
0.390253
0.361491
0.355821
0.383139
0.367503
0.354686
0.345715
0.36025
0.366352
0.384266
0.403686
0.384424
0.362513
0.351407
0.354541
0.349653
0.344054
0.350545
0.353491
0.371451
0.403943
0.435848
0.436427
0.446012
0.462846
0.434213
0.464324
0.435694
0.462596
0.416872
0.455518
0.443729
0.404702
0.396114
0.397615
0.394858
0.40297
0.381414
0.389654
0.396434
0.396758
0.395953
0.438983
0.377849
0.400798
0.402549
0.394187
0.39932
0.394765
0.395432
0.389474
0.379808
0.405951
0.419431
0.4106
0.397252
0.4039
0.375257
0.38539
0.40416
0.397722
0.358001
0.348682
0.360596
0.387092
0.396507
0.388798
0.408634
0.41721
0.387832
0.400402
0.409109
0.378661
0.38772
0.387607
0.36796
0.368018
0.409735
0.399221
0.383612
0.397575
0.402294
0.416473
0.406855
0.411222
0.390614
0.414434
0.410295
0.419125
0.449589
0.439701
0.424666
0.467425
0.435472
0.402467
0.430525
0.43256
0.42768
0.437733
0.490616
0.466165
0.41707
0.43773
0.439153
0.427608
0.43943
0.419883
0.427498
0.453825
0.456784
0.446428
0.403299
0.387862
0.397457
0.383163
0.383264
0.35772
0.346349
0.350165
0.354258
0.372021
0.402601
0.399419
0.396448
0.382826
0.403187
0.440232
0.419466
0.404819
0.417164
0.42951
0.42864
0.375689
0.3835
0.406309
0.414698
0.417064
0.443276
0.458543
0.499586
0.427663
0.397161
0.376574
0.416113
0.416383
0.409095
0.380673
0.370992
0.378659
0.401835
0.422469
0.427385
0.417867
0.486781
0.453234
0.414061
0.415735
0.427896
0.479416
0.461618
0.438697
0.405138
0.469073
0.476272
0.479229
0.518248
0.513665
0.520114
0.52989
0.486827
0.502527
0.505071
0.498928
0.458221
0.475594
0.515325
0.561974
0.566005
0.528938
0.532037
0.539031
0.589705
0.587777
0.570959
0.490533
0.44401
0.467869
0.479537
0.420817
0.396199
0.436583
0.440525
0.421491
0.38071
0.392924
0.44613
0.462129
0.425972
0.41732
0.433824
0.41957
0.386257
0.362792
0.358879
0.376449
0.401203
0.43755
0.435769
0.451626
0.447311
0.44057
0.444112
0.426861
0.430309
0.425649
0.379876
0.408963
0.398716
0.405122
0.39911
0.403384
0.376427
0.356708
0.373974
0.38457
0.397188
0.423575
0.386508
0.407889
0.407504
0.3966
0.408735
0.414578
0.380996
0.388262
0.404334
0.401801
0.396677
0.388766
0.405327
0.425592
0.428606
0.44032
0.430945
0.414692
0.396237
0.408517
0.37754
0.41362
0.411239
0.402535
0.423925
0.422147
0.420264
0.379073
0.387925
0.383864
0.413016
0.393073
0.437083
0.486445
0.438086
0.428381
0.429343
0.411524
0.418393
0.437916
0.431651
0.447655
0.420386
0.417768
0.455989
0.451309
0.430783
0.412111
0.394768
0.387907
0.363943
0.36473
0.36719
0.373893
0.356766
0.354466
0.343892
0.346817
0.34024
0.344717
0.351366
0.353197
0.356997
0.381057
0.385196
0.377572
0.402187
0.380284
0.384627
0.370513
0.386245
0.385104
0.417359
0.385461
0.400861
0.361469
0.350457
0.351402
0.359224
0.358051
0.360777
0.386535
0.403207
0.431645
0.456339
0.485793
0.466201
0.488543
0.500941
0.513901
0.434451
0.398799
0.415791
0.448875
0.37429
0.440816
0.431059
0.41836
0.383614
0.423401
0.467331
0.471167
0.464927
0.532898
0.423147
0.448869
0.4195
0.353767
0.374052
0.373207
0.374786
0.366284
0.401032
0.420938
0.391772
0.394477
0.450692
0.463632
0.422483
0.395361
0.389271
0.366265
0.394543
0.390807
0.377195
0.387079
0.394789
0.397093
0.417477
0.407374
0.438065
0.406513
0.39987
0.387272
0.432331
0.398165
0.434888
0.458506
0.486638
0.451974
0.391883
0.399163
0.434436
0.437984
0.490186
0.457901
0.455344
0.481424
0.436688
0.492165
0.425648
0.429625
0.402422
0.381681
0.369089
0.391437
0.386741
0.371235
0.370945
0.371981
0.386304
0.408811
0.433107
0.407994
0.407798
0.403896
0.404183
0.44002
0.438074
0.406582
0.441923
0.386509
0.347093
0.417821
0.424147
0.416663
0.451055
0.39224
0.428735
0.477068
0.445005
0.415149
0.41749
0.429734
0.43409
0.46433
0.430115
0.452219
0.471457
0.506731
0.463455
0.423225
0.428234
0.425478
0.44952
0.428894
0.454261
0.445376
0.433446
0.469238
0.464086
0.463394
0.481788
0.494413
0.553451
0.567604
0.522076
0.533027
0.580453
0.553641
0.560055
0.523888
0.532997
0.458487
0.415841
0.394785
0.373622
0.389479
0.430724
0.405
0.402452
0.421723
0.435954
0.445956
0.430129
0.387646
0.435958
0.425677
0.446494
0.434294
0.423032
0.424214
0.395244
0.416045
0.38798
0.408802
0.420275
0.352752
0.424007
0.44845
0.444151
0.418776
0.426469
0.438888
0.44378
0.401825
0.390631
0.367369
0.364176
0.364499
0.363071
0.354581
0.358834
0.351536
0.349223
0.355778
0.361357
0.368106
0.391901
0.392779
0.367421
0.366032
0.362354
0.377567
0.386825
0.371935
0.356136
0.427951
0.410224
0.401117
0.421037
0.45447
0.411663
0.408012
0.416767
0.4388
0.392763
0.36468
0.34686
0.353273
0.3514
0.363171
0.368636
0.370331
0.362554
0.368739
0.366373
0.376396
0.394344
0.398453
0.439934
0.484973
0.483528
0.477634
0.462337
0.448084
0.468955
0.451098
0.404406
0.378391
0.356172
0.382573
0.378877
0.372065
0.364679
0.355422
0.374068
0.470079
0.43086
0.376203
0.396579
0.410991
0.395627
0.400735
0.499051
0.52316
0.469738
0.497515
0.414562
0.484045
0.540841
0.538687
0.516808
0.504336
0.505544
0.48319
0.522729
0.485115
0.479264
0.517946
0.514929
0.498223
0.521344
0.491617
0.451107
0.486429
0.43804
0.456976
0.420732
0.426182
0.461617
0.468031
0.448456
0.44282
0.451386
0.415597
0.42195
0.444421
0.432049
0.390359
0.378224
0.361012
0.358866
0.359187
0.373104
0.400384
0.392307
0.369693
0.366037
0.362553
0.388838
0.394766
0.419109
0.387949
0.374976
0.378612
0.35812
0.354076
0.379672
0.357051
0.348865
0.357276
0.380742
0.390773
0.400959
0.401747
0.414084
0.407387
0.40302
0.381412
0.392543
0.369163
0.362103
0.351903
0.354012
0.355485
0.344675
0.352322
0.374855
0.378843
0.380622
0.385355
0.399878
0.370695
0.376213
0.370615
0.353842
0.363204
0.352256
0.376313
0.359027
0.37485
0.408654
0.397107
0.389547
0.382622
0.385902
0.400543
0.389962
0.414562
0.417985
0.425399
0.424536
0.446361
0.457029
0.392035
0.419651
0.42398
0.434839
0.470679
0.440589
0.498356
0.45577
0.470377
0.483336
0.500745
0.454604
0.471184
0.417048
0.402841
0.396466
0.439315
0.451778
0.383866
0.382614
0.446556
0.44613
0.434961
0.489808
0.425995
0.380882
0.385229
0.431535
0.404504
0.426917
0.445978
0.43709
0.423663
0.435656
0.424526
0.407217
0.424544
0.462762
0.472496
0.453944
0.471854
0.426131
0.411354
0.454242
0.477892
0.488345
0.481792
0.429462
0.416609
0.442446
0.437089
0.478179
0.498011
0.436865
0.43031
0.431357
0.414725
0.413617
0.386466
0.369655
0.367992
0.415361
0.423199
0.428801
0.428123
0.405393
0.398822
0.392685
0.370538
0.380151
0.37346
0.356616
0.353282
0.356099
0.358405
0.37874
0.402057
0.372653
0.364926
0.356379
0.374075
0.380248
0.372606
0.373589
0.347896
0.369204
0.392674
0.3866
0.393604
0.390595
0.391005
0.396066
0.389364
0.358391
0.383647
0.385311
0.393616
0.397497
0.445939
0.422733
0.415423
0.404372
0.3697
0.368576
0.407841
0.386311
0.364984
0.373126
0.367647
0.368729
0.355528
0.367188
0.391243
0.404314
0.373165
0.365477
0.374869
0.368829
0.387025
0.382142
0.390615
0.384665
0.399813
0.467812
0.405989
0.480913
0.462435
0.479548
0.421557
0.435903
0.430767
0.512323
0.479742
0.496134
0.447184
0.493032
0.41402
0.36689
0.461506
0.473845
0.465017
0.477172
0.430453
0.381455
0.370806
0.361913
0.349439
0.348325
0.352648
0.367047
0.366986
0.407089
0.379226
0.384238
0.410421
0.412107
0.379778
0.39596
0.395737
0.38102
0.397258
0.393467
0.404236
0.405937
0.397202
0.380898
0.387164
0.369723
0.38003
0.377193
0.357589
0.353129
0.346214
0.35501
0.348431
0.359423
0.396162
0.390795
0.388735
0.369533
0.353628
0.358936
0.346295
0.383119
0.372574
0.356307
0.353724
0.346833
0.362416
0.371438
0.365447
0.357062
0.348582
0.344608
0.341875
0.351678
0.347193
0.341741
0.353736
0.355348
0.367681
0.369053
0.391425
0.371639
0.351613
0.353079
0.363599
0.384691
0.392087
0.411297
0.409247
0.419526
0.41981
0.411516
0.411988
0.417878
0.379201
0.384379
0.388252
0.411578
0.399333
0.365475
0.387465
0.400393
0.390547
0.399574
0.38918
0.399098
0.390062
0.413166
0.42113
0.429997
0.408414
0.415977
0.425192
0.408123
0.433324
0.431727
0.458309
0.460296
0.471273
0.476032
0.443956
0.472865
0.473366
0.435009
0.435663
0.487944
0.488734
0.449256
0.449168
0.420244
0.432858
0.407029
0.460585
0.473052
0.445196
0.429065
0.423751
0.439709
0.447921
0.486636
0.457571
0.488333
0.494879
0.445094
0.487092
0.468586
0.4984
0.521314
0.473988
0.417018
0.407157
0.403092
0.414628
0.415697
0.440316
0.462384
0.422773
0.447406
0.465909
0.486774
0.508204
0.513741
0.577422
0.459166
0.415267
0.411646
0.418942
0.435493
0.424813
0.413096
0.415373
0.378412
0.407457
0.413449
0.438368
0.422418
0.419392
0.413047
0.406961
0.439042
0.426307
0.43125
0.410485
0.406117
0.422458
0.427443
0.417853
0.443069
0.39484
0.392934
0.385313
0.411049
0.388069
0.384904
0.390964
0.347646
0.390622
0.392473
0.395548
0.376664
0.353818
0.359105
0.376518
0.38824
0.385298
0.427697
0.408621
0.403896
0.378154
0.399203
0.400345
0.388447
0.405524
0.420126
0.421442
0.429143
0.390088
0.396723
0.376102
0.395896
0.391959
0.397466
0.397615
0.413832
0.393948
0.408233
0.402206
0.429512
0.406575
0.419884
0.366983
0.356198
0.357615
0.347319
0.343372
0.341108
0.338618
0.347478
0.344414
0.345967
0.357854
0.383319
0.367495
0.375123
0.376837
0.353261
0.34472
0.345085
0.333176
0.346539
0.34773
0.339404
0.344159
0.341605
0.352054
0.350127
0.346759
0.349333
0.347716
0.336608
0.333998
0.346569
0.34362
0.34054
0.347567
0.342081
0.362474
0.372829
0.39763
0.383206
0.376563
0.373636
0.385744
0.375383
0.366404
0.390966
0.374354
0.373125
0.3746
0.375171
0.372705
0.386558
0.373417
0.351981
0.344856
0.346198
0.33893
0.342601
0.349039
0.346545
0.347668
0.34921
0.347571
0.339212
0.34672
0.341902
0.343737
0.350475
0.338739
0.34695
0.344572
0.360521
0.366523
0.368909
0.354489
0.356984
0.366046
0.363836
0.374811
0.403858
0.422131
0.39979
0.380479
0.383092
0.39668
0.410552
0.450616
0.431738
0.431906
0.439031
0.41094
0.410208
0.369273
0.370793
0.384075
0.394611
0.365674
0.353673
0.363522
0.357095
0.362908
0.389714
0.406082
0.384856
0.373649
0.370929
0.383271
0.3975
0.41993
0.45109
0.458041
0.462253
0.480755
0.460264
0.520404
0.504735
0.512034
0.409327
0.392603
0.400104
0.434916
0.434531
0.384645
0.409843
0.470368
0.467255
0.450962
0.444962
0.39023
0.375358
0.368401
0.352242
0.347511
0.341492
0.35361
0.359533
0.355772
0.369816
0.38079
0.386035
0.400025
0.390506
0.388178
0.376971
0.381423
0.415635
0.427106
0.415969
0.390949
0.387462
0.402043
0.370735
0.378655
0.373256
0.38311
0.391742
0.367532
0.347656
0.34336
0.35209
0.344354
0.343812
0.342302
0.348229
0.350087
0.380443
0.381035
0.368646
0.346162
0.34455
0.354036
0.358219
0.35496
0.360352
0.404201
0.420949
0.393973
0.408687
0.405046
0.408422
0.385583
0.398482
0.384414
0.404641
0.4237
0.411935
0.404233
0.40105
0.404366
0.387582
0.396352
0.395808
0.398018
0.395942
0.380669
0.389752
0.393051
0.416057
0.38683
0.368054
0.38765
0.415815
0.41456
0.456555
0.430844
0.405645
0.396846
0.359752
0.42848
0.392698
0.429183
0.458126
0.454572
0.438516
0.414217
0.412089
0.399118
0.410423
0.45276
0.440119
0.452744
0.45469
0.461707
0.449639
0.418653
0.461433
0.478458
0.457482
0.446523
0.416352
0.383311
0.385953
0.376731
0.370844
0.386562
0.405459
0.372278
0.356916
0.352992
0.348981
0.358861
0.36018
0.36765
0.378618
0.358764
0.360406
0.374053
0.397901
0.410951
0.399036
0.444727
0.420063
0.461634
0.432742
0.447272
0.418134
0.480062
0.475247
0.421657
0.451286
0.468644
0.451229
0.465802
0.444776
0.428787
0.433367
0.417348
0.413625
0.427073
0.468313
0.490731
0.485051
0.498788
0.47798
0.462777
0.481125
0.49194
0.477006
0.505979
0.537904
0.567954
0.57411
0.445641
0.415493
0.425498
0.411288
0.409727
0.432815
0.439201
0.421749
0.390203
0.393776
0.425404
0.429967
0.417868
0.408066
0.410075
0.416888
0.441775
0.441959
0.445924
0.418693
0.434946
0.421878
0.469085
0.417497
0.427632
0.399945
0.410964
0.411413
0.419473
0.391166
0.363863
0.365391
0.37142
0.377617
0.368631
0.384262
0.404315
0.393815
0.401728
0.486561
0.46674
0.462329
0.474387
0.422819
0.414969
0.448311
0.421061
0.413716
0.44307
0.424742
0.378913
0.36118
0.372154
0.396639
0.392483
0.38934
0.370997
0.378873
0.404531
0.409234
0.410921
0.425185
0.405139
0.405145
0.37976
0.369404
0.362539
0.394909
0.405843
0.379182
0.376824
0.400804
0.421754
0.414571
0.398851
0.426619
0.409549
0.403091
0.420952
0.402161
0.38797
0.431622
0.442556
0.421712
0.43904
0.436714
0.474957
0.426931
0.471787
0.473752
0.432065
0.418321
0.434987
0.452634
0.436534
0.465867
0.484849
0.401922
0.425366
0.403204
0.438399
0.41492
0.429091
0.502227
0.494658
0.502263
0.485787
0.428286
0.375555
0.411696
0.516109
0.479195
0.464765
0.445928
0.419304
0.430057
0.451332
0.411588
0.414081
0.450769
0.444654
0.427016
0.406886
0.429751
0.449016
0.424597
0.437091
0.391771
0.384342
0.392542
0.451888
0.455205
0.460537
0.476123
0.470819
0.461243
0.416695
0.421415
0.443602
0.439419
0.438257
0.393083
0.385971
0.386164
0.38069
0.385655
0.408231
0.387101
0.372116
0.408816
0.440879
0.440579
0.412671
0.447325
0.431544
0.474037
0.437212
0.548908
0.606244
0.600223
0.557666
0.542682
0.545552
0.479151
0.472593
0.535539
0.490361
0.447906
0.422935
0.409246
0.414982
0.413772
0.410645
0.46286
0.45322
0.416657
0.434778
0.474893
0.50246
0.464014
0.47111
0.437981
0.416982
0.411362
0.447521
0.469577
0.461936
0.474349
0.453616
0.440143
0.43034
0.451137
0.439682
0.446241
0.448398
0.431586
0.423057
0.446399
0.437491
0.445667
0.431119
0.464519
0.435304
0.433763
0.4472
0.412065
0.415301
0.418165
0.463789
0.487013
0.480015
0.502354
0.481671
0.508358
0.491038
0.521505
0.459319
0.410419
0.412299
0.430253
0.419911
0.416318
0.404807
0.407345
0.399088
0.440829
0.431892
0.452036
0.484038
0.465562
0.453186
0.421901
0.393858
0.393603
0.408927
0.396618
0.415299
0.436361
0.43937
0.434459
0.437688
0.446351
0.483032
0.50627
0.463624
0.434511
0.377121
0.365124
0.373179
0.358227
0.360728
0.369626
0.368437
0.365236
0.358767
0.364026
0.369641
0.391991
0.412336
0.448514
0.468415
0.499601
0.513893
0.476326
0.456127
0.443537
0.444074
0.485535
0.439506
0.435207
0.437454
0.380918
0.451692
0.417669
0.410637
0.449025
0.464818
0.415811
0.364059
0.367803
0.406606
0.431968
0.420194
0.431308
0.435182
0.412257
0.417412
0.4335
0.486444
0.436727
0.422965
0.414611
0.430506
0.49468
0.485178
0.534187
0.53898
0.484681
0.491888
0.487797
0.526959
0.562291
0.587195
0.535345
0.517524
0.497972
0.525956
0.51531
0.487638
0.491834
0.426631
0.516951
0.47587
0.510539
0.448958
0.45944
0.475561
0.47013
0.516093
0.50411
0.452259
0.46771
0.449371
0.441606
0.434323
0.43008
0.416053
0.400044
0.424986
0.393832
0.403491
0.411814
0.408399
0.43873
0.43021
0.452591
0.499659
0.524519
0.512582
0.45026
0.49542
0.443047
0.442197
0.433783
0.474466
0.417885
0.470905
0.449326
0.491292
0.463571
0.404264
0.430197
0.427535
0.453822
0.448795
0.416241
0.452247
0.440154
0.432315
0.478515
0.42937
0.43861
0.461146
0.475824
0.417685
0.449393
0.51753
0.471834
0.477543
0.498403
0.415174
0.43682
0.512882
0.486696
0.477137
0.478612
0.513878
0.471929
0.511497
0.485882
0.432927
0.447301
0.4224
0.48179
0.426218
0.472372
0.475312
0.502799
0.510871
0.444987
0.421764
0.385887
0.370642
0.355299
0.359671
0.366491
0.376461
0.395948
0.401568
0.397372
0.439635
0.458067
0.471549
0.455762
0.412877
0.430799
0.432208
0.413631
0.379336
0.424485
0.409107
0.444461
0.380366
0.484221
0.450943
0.445479
0.45841
0.377747
0.43107
0.45375
0.445703
0.442535
0.429104
0.368082
0.394496
0.37647
0.368441
0.375461
0.38499
0.448959
0.46484
0.496029
0.489346
0.509508
0.522154
0.505077
0.516207
0.503362
0.496233
0.512977
0.501839
0.499381
0.543992
0.542861
0.522992
0.501501
0.593027
0.569206
0.535088
0.52911
0.423695
0.412083
0.364819
0.366685
0.383111
0.41696
0.422553
0.385165
0.37428
0.387687
0.401095
0.398292
0.403584
0.433718
0.396045
0.42405
0.432489
0.400198
0.434491
0.432322
0.406788
0.415643
0.454668
0.428113
0.443144
0.433773
0.408927
0.389034
0.412243
0.428263
0.389672
0.454322
0.425201
0.413252
0.407417
0.386048
0.387797
0.411125
0.390933
0.374013
0.372141
0.362469
0.348447
0.34485
0.345919
0.356122
0.366
0.393429
0.408538
0.385983
0.349422
0.359922
0.357599
0.379195
0.406864
0.405163
0.427266
0.392338
0.483493
0.400772
0.371858
0.363379
0.370547
0.368472
0.353112
0.354166
0.374153
0.377764
0.374212
0.356553
0.36359
0.35973
0.400744
0.406415
0.434635
0.445821
0.441434
0.426799
0.4337
0.458987
0.498256
0.40124
0.443409
0.431783
0.424908
0.407593
0.383155
0.378146
0.365563
0.364353
0.387787
0.375985
0.387097
0.381539
0.39088
0.3779
0.421968
0.430499
0.437115
0.433381
0.42674
0.419049
0.362195
0.356089
0.390213
0.399566
0.40922
0.415482
0.402012
0.387539
0.368292
0.34763
0.345506
0.349212
0.341735
0.343705
0.357957
0.343881
0.362887
0.347395
0.365893
0.392561
0.384365
0.358768
0.34961
0.356161
0.377077
0.35919
0.401167
0.439549
0.387485
0.43594
0.405234
0.440924
0.456502
0.417396
0.408295
0.454913
0.455967
0.510222
0.487699
0.529629
0.603748
0.578784
0.580932
0.528873
0.545114
0.561344
0.549976
0.539721
0.514596
0.517109
0.505287
0.460682
0.52694
0.523534
0.483029
0.439857
0.480992
0.524698
0.524165
0.496686
0.442731
0.488171
0.516358
0.500099
0.522961
0.450977
0.503453
0.469133
0.506692
0.51518
0.526089
0.53513
0.556178
0.520104
0.460574
0.408303
0.402021
0.41139
0.404118
0.418516
0.417519
0.410575
0.390109
0.422106
0.423108
0.457381
0.499604
0.451213
0.450706
0.436131
0.427381
0.431339
0.465467
0.507422
0.46928
0.449581
0.468305
0.511686
0.521049
0.421487
0.429408
0.42397
0.519094
0.510945
0.501727
0.438234
0.515337
0.483177
0.474007
0.530381
0.460755
0.437542
0.472166
0.403495
0.502144
0.530425
0.506972
0.483429
0.498268
0.520863
0.472468
0.531419
0.513977
0.540959
0.512135
0.516802
0.481358
0.432942
0.443969
0.449399
0.451653
0.507878
0.477716
0.518192
0.509265
0.459429
0.43591
0.44524
0.45704
0.501781
0.444632
0.478125
0.440933
0.455972
0.446568
0.475386
0.454515
0.470416
0.427426
0.44074
0.435022
0.404473
0.390981
0.366679
0.372424
0.375077
0.387901
0.39624
0.386017
0.40296
0.402855
0.379817
0.395082
0.380886
0.393328
0.396044
0.388734
0.366107
0.382385
0.387843
0.400474
0.409593
0.394926
0.459934
0.435392
0.423566
0.423345
0.445003
0.419587
0.417235
0.414709
0.41193
0.406495
0.433915
0.450569
0.442675
0.441577
0.472903
0.459738
0.413247
0.48277
0.484703
0.487834
0.470409
0.46404
0.444905
0.460354
0.455145
0.476582
0.486653
0.473685
0.459028
0.459473
0.45853
0.425364
0.393697
0.40919
0.448313
0.437174
0.428995
0.412272
0.432449
0.464638
0.462048
0.472969
0.427543
0.441327
0.499894
0.439557
0.462238
0.467215
0.471071
0.478096
0.459932
0.472817
0.497357
0.468391
0.471263
0.447725
0.404097
0.407177
0.437954
0.412569
0.390857
0.374732
0.383974
0.42378
0.47611
0.490984
0.490665
0.452942
0.46822
0.463879
0.43868
0.428166
0.441767
0.495275
0.536203
0.58349
0.555328
0.584919
0.540602
0.390801
0.397019
0.38143
0.404809
0.36627
0.379631
0.368916
0.357647
0.355334
0.383562
0.396889
0.355447
0.354196
0.350905
0.34726
0.350054
0.357103
0.340851
0.352675
0.348398
0.346372
0.343586
0.363021
0.34785
0.360328
0.380294
0.400707
0.378846
0.370227
0.361466
0.36291
0.384655
0.398212
0.384577
0.368315
0.370142
0.430674
0.442246
0.444878
0.428802
0.437782
0.426101
0.440533
0.432282
0.403833
0.436601
0.465277
0.431241
0.421265
0.416192
0.428589
0.433418
0.430746
0.420454
0.40787
0.445273
0.491393
0.495874
0.494247
0.525903
0.500102
0.545669
0.518286
0.532307
0.502806
0.478629
0.416684
0.431652
0.456213
0.479701
0.48975
0.504111
0.554316
0.50435
0.487325
0.512353
0.460838
0.455776
0.498612
0.504833
0.492524
0.475956
0.484098
0.441654
0.444719
0.463631
0.458648
0.474341
0.394972
0.438516
0.487747
0.447389
0.508149
0.477289
0.466016
0.450868
0.455243
0.437804
0.440727
0.413913
0.413355
0.474048
0.43654
0.486533
0.489193
0.544685
0.533801
0.489778
0.505516
0.540755
0.425512
0.448367
0.462007
0.495135
0.508575
0.507176
0.52568
0.468431
0.508019
0.523387
0.486286
0.494009
0.53059
0.503319
0.477626
0.447649
0.520185
0.505289
0.502185
0.54116
0.542805
0.486377
0.479336
0.43894
0.427372
0.413132
0.375404
0.37121
0.380159
0.390387
0.396939
0.415138
0.388063
0.38811
0.39764
0.419175
0.460491
0.42646
0.389505
0.392496
0.390479
0.390901
0.414764
0.408072
0.402456
0.377349
0.384903
0.39966
0.394615
0.420259
0.411132
0.426488
0.415523
0.424664
0.429756
0.429255
0.397715
0.379655
0.360401
0.408117
0.385664
0.368598
0.407707
0.429881
0.412543
0.398805
0.367993
0.369849
0.358726
0.362136
0.366168
0.365344
0.360534
0.362489
0.367659
0.390432
0.401825
0.380395
0.362436
0.35091
0.363581
0.354835
0.358049
0.364802
0.368679
0.36879
0.352263
0.37645
0.392504
0.383719
0.39605
0.404754
0.448114
0.496329
0.446167
0.418745
0.419324
0.38964
0.385608
0.374148
0.396542
0.400878
0.418497
0.388468
0.392763
0.408776
0.416941
0.464773
0.42329
0.463793
0.501759
0.420807
0.4036
0.400691
0.395512
0.403428
0.410705
0.441726
0.461187
0.419098
0.424019
0.408873
0.39688
0.388568
0.398819
0.384352
0.384747
0.391634
0.386254
0.39694
0.399922
0.38283
0.41491
0.39259
0.380089
0.375637
0.383568
0.397024
0.454327
0.467162
0.39671
0.425475
0.414892
0.455345
0.446
0.405377
0.403182
0.389463
0.405827
0.402454
0.383321
0.391255
0.385124
0.389596
0.393475
0.393408
0.370836
0.366338
0.366216
0.373148
0.373395
0.362789
0.364433
0.356538
0.364323
0.364301
0.356813
0.359122
0.37019
0.36955
0.370913
0.355225
0.359293
0.362255
0.359402
0.355361
0.355502
0.35781
0.359282
0.360483
0.364931
0.358031
0.363675
0.365105
0.356799
0.360674
0.357233
0.361314
0.380724
0.360241
0.383646
0.370836
0.367554
0.359376
0.359081
0.37934
0.406602
0.423438
0.394486
0.406634
0.400673
0.400542
0.421423
0.400977
0.379716
0.365399
0.377031
0.372826
0.392637
0.44036
0.401237
0.36293
0.384477
0.404148
0.399241
0.394993
0.38647
0.391479
0.389105
0.388874
0.365576
0.373513
0.354178
0.378588
0.425206
0.364107
0.36755
0.375346
0.380495
0.403682
0.427296
0.450835
0.427433
0.406925
0.390544
0.358936
0.366826
0.372091
0.391114
0.405888
0.390046
0.3639
0.366839
0.36236
0.358497
0.3595
0.353547
0.350962
0.377615
0.390447
0.435403
0.445546
0.394019
0.392623
0.390634
0.384742
0.4098
0.421384
0.398009
0.406629
0.420568
0.413775
0.417888
0.404522
0.406387
0.402718
0.382864
0.382056
0.39042
0.391358
0.399273
0.392153
0.38851
0.376141
0.380356
0.369734
0.37751
0.362816
0.364631
0.371851
0.38073
0.383708
0.367924
0.368874
0.376094
0.390352
0.388994
0.40797
0.430207
0.442825
0.434015
0.402134
0.426098
0.388613
0.4746
0.51419
0.53074
0.513425
0.394757
0.39492
