0.427359
0.538512
0.611122
0.59367
0.5473
0.532842
0.57272
0.61074
0.576009
0.568388
0.568902
0.601355
0.545696
0.50448
0.472563
0.475465
0.487284
0.435819
0.455279
0.470441
0.514444
0.532179
0.545128
0.548478
0.440179
0.483772
0.454292
0.53715
0.44734
0.447022
0.478289
0.409908
0.441713
0.490818
0.521273
0.502233
0.491853
0.45207
0.439301
0.494169
0.532004
0.471956
0.490067
0.522188
0.516532
0.520515
0.420697
0.478511
0.4506
0.459275
0.463957
0.466853
0.435389
0.42709
0.419317
0.445929
0.484562
0.506622
0.483518
0.4625
0.489124
0.540219
0.479609
0.480197
0.504775
0.494782
0.49782
0.531967
0.483399
0.494258
0.484453
0.500305
0.508469
0.464151
0.493265
0.478916
0.4427
0.468586
0.493185
0.487318
0.394591
0.443702
0.485503
0.491332
0.524422
0.49882
0.460194
0.524211
0.48018
0.439327
0.474359
0.481386
0.457241
0.483122
0.455852
0.448746
0.506701
0.466499
0.463769
0.492966
0.481515
0.488909
0.489757
0.465332
0.504243
0.483764
0.511532
0.460008
0.438972
0.465024
0.454808
0.472888
0.43023
0.487744
0.480258
0.475347
0.486927
0.470436
0.470575
0.519452
0.438504
0.463617
0.4767
0.501192
0.455212
0.496475
0.444749
0.489716
0.475096
0.461541
0.449449
0.450419
0.459367
0.432694
0.437283
0.469694
0.425118
0.404324
0.448447
0.421224
0.47065
0.483835
0.48381
0.492575
0.463798
0.485472
0.475011
0.470453
0.491203
0.430558
0.447886
0.447341
0.443345
0.431905
0.485139
0.468965
0.415451
0.432792
0.451267
0.487291
0.404819
0.519091
0.481584
0.432526
0.404498
0.409805
0.434497
0.466655
0.453522
0.489127
0.462826
0.499027
0.454424
0.450147
0.502221
0.436374
0.424592
0.439707
0.424607
0.411609
0.470089
0.513337
0.41901
0.406981
0.446027
0.48095
0.484681
0.449005
0.398313
0.420446
0.423322
0.391353
0.378109
0.373665
0.367399
0.391559
0.443836
0.378911
0.38479
0.397841
0.422573
0.408928
0.407387
0.426137
0.412491
0.437559
0.421758
0.465429
0.495408
0.505578
0.42579
0.474046
0.503254
0.48725
0.476507
0.414866
0.427738
0.403998
0.394962
0.391113
0.425214
0.384446
0.420686
0.410208
0.402524
0.400608
0.408858
0.41721
0.408406
0.417676
0.430533
0.408499
0.402652
0.395974
0.386433
0.374209
0.376821
0.391711
0.414132
0.388419
0.406242
0.405066
0.402502
0.458939
0.373291
0.384253
0.407294
0.405658
0.379653
0.422823
0.408373
0.408879
0.401488
0.405479
0.427696
0.405229
0.37817
0.37274
0.368164
0.393054
0.381429
0.36711
0.389111
0.409574
0.429157
0.405643
0.403416
0.393276
0.367084
0.382806
0.367582
0.367037
0.351892
0.356431
0.361262
0.392082
0.376239
0.380727
0.371311
0.36072
0.356664
0.347927
0.340371
0.352859
0.347793
0.3509
0.351579
0.346382
0.357557
0.354737
0.346609
0.374121
0.370012
0.37085
0.374478
0.376841
0.386172
0.389533
0.389747
0.375441
0.387282
0.383287
0.377017
0.394208
0.399405
0.383881
0.381911
0.368517
0.362649
0.351592
0.355377
0.362184
0.356072
0.352249
0.350078
0.345555
0.353522
0.359184
0.372854
0.385875
0.34693
0.376606
0.3684
0.351482
0.369264
0.365575
0.372481
0.392234
0.368686
0.363068
0.38709
0.404877
0.407146
0.398827
0.396962
0.374521
0.360803
0.37369
0.392136
0.39101
0.385809
0.411763
0.3945
0.375334
0.376978
0.371592
0.380511
0.377009
0.389658
0.392344
0.392754
0.41009
0.391336
0.382251
0.378551
0.399446
0.407626
0.381
0.415295
0.425117
0.386982
0.401426
0.378443
0.407695
0.381229
0.390835
0.439448
0.421423
0.413714
0.396506
0.426696
0.421803
0.392934
0.388816
0.380652
0.360002
0.369542
0.378994
0.368716
0.376611
0.35994
0.354228
0.339874
0.350921
0.359398
0.359185
0.369867
0.374037
0.366118
0.376224
0.387836
0.379214
0.391187
0.385917
0.377692
0.366182
0.402447
0.372413
0.352187
0.354295
0.340776
0.351905
0.350341
0.33586
0.352404
0.353763
0.349063
0.348718
0.353653
0.353473
0.351455
0.338243
0.340648
0.339949
0.350977
0.347907
0.351928
0.359439
0.357416
0.372776
0.374133
0.384821
0.382478
0.405515
0.393051
0.403237
0.400899
0.468356
0.452081
0.464636
0.458356
0.503113
0.457585
0.43451
0.380633
0.398523
0.412457
0.417911
0.472446
0.425079
0.420541
0.447456
0.443845
0.417196
0.373352
0.381056
0.431992
0.444217
0.396066
0.389037
0.381243
0.424318
0.416928
0.421691
0.397453
0.424293
0.444069
0.438372
0.426672
0.408838
0.409191
0.399501
0.376697
0.379661
0.369364
0.381738
0.409454
0.414548
0.429257
0.421031
0.403015
0.405987
0.401577
0.402633
0.412564
0.421875
0.40757
0.416899
0.402375
0.428237
0.446101
0.420265
0.424106
0.419548
0.39776
0.41784
0.421482
0.427775
0.4285
0.4103
0.406931
0.399461
0.43762
0.411375
0.446146
0.415021
0.438875
0.453359
0.430674
0.473577
0.459266
0.452519
0.447325
0.423664
0.409468
0.414579
0.413332
0.401598
0.455537
0.494429
0.467546
0.437762
0.477318
0.45871
0.514886
0.526284
0.426418
0.449913
0.476395
0.505117
0.503299
0.507223
0.483652
0.449262
0.424398
0.39179
0.44731
0.409647
0.363039
0.371105
0.385012
0.396358
0.381947
0.434559
0.479041
0.448847
0.41211
0.429405
0.475637
0.457627
0.46803
0.384962
0.432439
0.428549
0.406961
0.399452
0.380967
0.377998
0.377257
0.372672
0.368467
0.376421
0.418523
0.411147
0.411747
0.43622
0.413122
0.422499
0.427111
0.393888
0.374792
0.411542
0.422301
0.415788
0.44053
0.391026
0.421612
0.412095
0.398087
0.392699
0.381958
0.372293
0.397741
0.362607
0.382061
0.375177
0.386988
0.372013
0.394702
0.403661
0.414045
0.379538
0.365089
0.387284
0.391061
0.383233
0.39264
0.397707
0.400146
0.403143
0.370581
0.370536
0.394743
0.429394
0.42169
0.439508
0.429012
0.366336
0.389306
0.388967
0.415496
0.410106
0.407739
0.388973
0.423193
0.386506
0.390064
0.420722
0.398039
0.426537
0.39595
0.406352
0.39946
0.451718
0.382834
0.384015
0.439106
0.454035
0.438717
0.431551
0.406411
0.426762
0.417438
0.431505
0.390844
0.434992
0.408517
0.399083
0.400687
0.403044
0.402522
0.39511
0.394021
0.381686
0.386229
0.36998
0.354745
0.371996
0.373647
0.365852
0.360737
0.352249
0.363135
0.358451
0.34475
0.34073
0.33935
0.345272
0.338793
0.342735
0.336649
0.33978
0.337557
0.330656
0.337873
0.33987
0.34351
0.341092
0.346635
0.343787
0.346905
0.350432
0.367732
0.382225
0.362832
0.376272
0.359764
0.360116
0.348035
0.349189
0.338901
0.339045
0.339036
0.339088
0.34451
0.345429
0.351099
0.339273
0.35039
0.359683
0.355127
0.35995
0.358659
0.383734
0.362779
0.361625
0.354348
0.350632
0.360317
0.362754
0.371996
0.41713
0.415669
0.405539
0.402926
0.512683
0.501256
0.492374
0.462789
0.490133
0.471602
0.429689
0.448955
0.477459
0.461469
0.481955
0.436099
0.475955
0.476649
0.474922
0.454266
0.475516
0.483531
0.491275
0.444305
0.43284
0.4554
0.45841
0.445291
0.388444
0.38602
0.406331
0.452691
0.46064
0.411255
0.402068
0.397711
0.406905
0.433629
0.444088
0.382358
0.413944
0.418742
0.428639
0.398938
0.41074
0.446855
0.420962
0.40326
0.423943
0.457063
0.421494
0.41484
0.407044
0.412283
0.415837
0.407376
0.416287
0.407712
0.382605
0.370648
0.369153
0.374988
0.364125
0.360528
0.355966
0.369865
0.379349
0.391077
0.384483
0.364656
0.368524
0.371693
0.397673
0.390875
0.377103
0.356298
0.380235
0.389366
0.395566
0.390173
0.4119
0.396802
0.414153
0.38291
0.383624
0.387206
0.407535
0.400566
0.429657
0.387203
0.394191
0.451742
0.456345
0.444327
0.417831
0.424359
0.434413
0.432865
0.368701
0.386397
0.416214
0.484841
0.45699
0.442875
0.48328
0.463448
0.381596
0.409187
0.421678
0.506594
0.517795
0.519775
0.48192
0.445339
0.450438
0.435473
0.429652
0.426612
0.462102
0.448676
0.439689
0.43406
0.450652
0.39526
0.422139
0.417026
0.419983
0.418557
0.413355
0.426866
0.39845
0.39942
0.401092
0.406765
0.43012
0.426477
0.450577
0.464917
0.4097
0.444409
0.389188
0.454088
0.420087
0.428059
0.416845
0.428696
0.38262
0.374044
0.390686
0.384785
0.381241
0.358658
0.358893
0.363169
0.376605
0.38002
0.392394
0.413026
0.382647
0.40943
0.393291
0.393467
0.401794
0.384052
0.405029
0.426299
0.39963
0.40141
0.413922
0.394134
0.394775
0.36547
0.412271
0.441553
0.403355
0.432647
0.420946
0.449995
0.447235
0.436967
0.414898
0.390901
0.419687
0.436801
0.417303
0.441139
0.419254
0.381114
0.37666
0.371393
0.38301
0.436278
0.417816
0.446227
0.44638
0.451671
0.434473
0.458257
0.505522
0.473812
0.424802
0.40661
0.489514
0.448921
0.480659
0.477106
0.471229
0.426834
0.391098
0.375007
0.376282
0.389152
0.379986
0.410771
0.418582
0.408543
0.390955
0.390071
0.411637
0.437442
0.408466
0.391558
0.407981
0.419558
0.431111
0.47427
0.428854
0.416099
0.46467
0.4322
0.474914
0.4653
0.515995
0.481901
0.465736
0.474653
0.40438
0.459693
0.465506
0.418827
0.397102
0.400217
0.411069
0.36666
0.352214
0.357566
0.35104
0.351572
0.374603
0.387678
0.401201
0.411971
0.38091
0.421674
0.461374
0.461314
0.417034
0.417608
0.394683
0.375965
0.376577
0.389302
0.414514
0.396342
0.386764
0.381586
0.386165
0.395966
0.400568
0.429237
0.423262
0.469492
0.442971
0.466946
0.422404
0.390222
0.394167
0.378691
0.372297
0.358955
0.373202
0.37616
0.408974
0.423194
0.484375
0.451483
0.433183
0.411323
0.408877
0.399715
0.466917
0.510255
0.428349
0.411007
0.450298
0.43872
0.483247
0.490046
0.481949
0.49077
0.450674
0.42371
0.375005
0.436886
0.479502
0.426379
0.447197
0.4454
0.424585
0.423465
0.424373
0.456198
0.38897
0.441358
0.461107
0.446844
0.390052
0.386905
0.409156
0.411647
0.380452
0.410821
0.406226
0.398413
0.402656
0.404515
0.380399
0.370942
0.374935
0.357184
0.347271
0.355451
0.3542
0.372011
0.379485
0.397293
0.405195
0.400005
0.394466
0.390093
0.410103
0.408937
0.417867
0.435182
0.427471
0.399371
0.397149
0.38933
0.401461
0.389673
0.384856
0.37063
0.346561
0.348028
0.353342
0.374364
0.390224
0.460936
0.402565
0.43915
0.435521
0.49463
0.484205
0.383944
0.403922
0.41361
0.400844
0.371862
0.407926
0.470186
0.437681
0.368659
0.449276
0.436164
0.454419
0.420464
0.428718
0.488588
0.449495
0.453515
0.426238
0.399299
0.394465
0.415176
0.406747
0.393906
0.378536
0.366636
0.365092
0.356112
0.358955
0.361173
0.356902
0.356497
0.356552
0.345646
0.351504
0.349162
0.36176
0.368193
0.362402
0.361236
0.377868
0.396852
0.394738
0.402489
0.401353
0.427788
0.401691
0.405924
0.387064
0.397626
0.384993
0.400449
0.373272
0.360585
0.35757
0.359285
0.350613
0.353947
0.35532
0.359171
0.372441
0.368092
0.383791
0.382609
0.369422
0.379405
0.409247
0.415235
0.442144
0.437236
0.395918
0.389618
0.426855
0.424616
0.409902
0.445521
0.418274
0.377396
0.374852
0.369398
0.377552
0.385543
0.384385
0.429412
0.421146
0.432533
0.446605
0.425989
0.440959
0.408966
0.401216
0.397845
0.388214
0.382522
0.367376
0.376125
0.394908
0.411611
0.388622
0.398094
0.390652
0.409656
0.417845
0.41724
0.421177
0.428233
0.446183
0.437615
0.436555
0.469035
0.436229
0.419395
0.484934
0.458617
0.427922
0.364363
0.368215
0.472541
0.488055
0.390709
0.425787
0.447238
0.456786
0.492726
0.425893
0.430468
0.393264
0.398929
0.391425
0.363444
0.364823
0.359928
0.360978
0.34931
0.346296
0.352942
0.350853
0.35533
0.337902
0.347094
0.366791
0.395857
0.386603
0.3709
0.378164
0.400092
0.398923
0.381646
0.366758
0.361767
0.347877
0.359387
0.358445
0.354369
0.347725
0.347839
0.35344
0.360421
0.35104
0.349306
0.371098
0.384221
0.399432
0.382403
0.439518
0.444607
0.48366
0.488191
0.461599
0.441529
0.415331
0.403529
0.420287
0.410096
0.477964
0.431453
0.386888
0.439614
0.432683
0.411207
0.398915
0.401897
0.405122
0.407172
0.42538
0.439409
0.398579
0.461086
0.491749
0.402646
0.410078
0.48478
0.464558
0.478804
0.5168
0.396327
0.404849
0.45296
0.395864
0.416324
0.450383
0.432242
0.420643
0.400804
0.407788
0.421609
0.407527
0.433893
0.431024
0.446283
0.45497
0.434149
0.438497
0.426144
0.424247
0.412403
0.393169
0.40029
0.377975
0.372016
0.35791
0.362419
0.350712
0.371458
0.397593
0.426052
0.402666
0.442964
0.437304
0.435137
0.44247
0.425644
0.427174
0.404253
0.388029
0.38513
0.377963
0.390286
0.377694
0.405044
0.407022
0.39897
0.47166
0.484453
0.463025
0.41979
0.448652
0.452314
0.406787
0.43162
0.430626
0.443201
0.445793
0.423069
0.430897
0.396114
0.442796
0.4314
0.450183
0.436421
0.426844
0.405821
0.388028
0.383183
0.377571
0.366953
0.365862
0.358552
0.349858
0.369147
0.363415
0.364855
0.358879
0.370217
0.370778
0.391936
0.410318
0.411978
0.410838
0.413148
0.44784
0.45478
0.456052
0.441285
0.393787
0.390065
0.50444
0.503803
0.515852
0.49096
0.444162
0.420442
0.447701
0.435628
0.392822
0.377183
0.365767
0.352261
0.352583
0.365039
0.363564
0.385912
0.389006
0.392825
0.386279
0.355941
0.365179
0.374452
0.363179
0.380138
0.389444
0.438769
0.454645
0.486716
0.426693
0.478876
0.447688
0.459214
0.49844
0.460925
0.415229
0.402076
0.413413
0.445501
0.438415
0.470273
0.459933
0.461864
0.458679
0.422333
0.45056
0.415027
0.368401
0.42176
0.428291
0.397273
0.383041
0.394096
0.402515
0.414961
0.43167
0.429271
0.430248
0.405904
0.396346
0.385028
0.386324
0.412171
0.433309
0.418861
0.394705
0.382975
0.374215
0.374858
0.371879
0.379953
0.374589
0.371457
0.387689
0.37042
0.355222
0.359042
0.362698
0.360206
0.34705
0.346021
0.344529
0.347976
0.352293
0.353888
0.352769
0.344671
0.351994
0.364804
0.358093
0.372195
0.358494
0.363064
0.385726
0.374961
0.373637
0.38392
0.363862
0.36461
0.359749
0.353952
0.359924
0.34951
0.348854
0.353342
0.361804
0.373357
0.372644
0.396112
0.374152
0.357019
0.368299
0.403716
0.400497
0.411369
0.397697
0.384035
0.374805
0.377125
0.380869
0.382639
0.385486
0.387518
0.398198
0.388679
0.401551
0.411561
0.404237
0.387245
0.385098
0.374896
0.374369
0.366511
0.356356
0.350921
0.356146
0.354346
0.346414
0.343513
0.339864
0.345161
0.357535
0.368382
0.392882
0.366259
0.358697
0.377412
0.374491
0.390487
0.403861
0.381848
0.377097
0.433962
0.421215
0.406275
0.362168
0.379688
0.39845
0.401109
0.386622
0.379791
0.385956
0.369681
0.36373
0.353439
0.383032
0.357036
0.355558
0.350596
0.356861
0.35529
0.368929
0.357857
0.365056
0.361273
0.368121
0.364232
0.36374
0.359889
0.371746
0.369329
0.353896
0.347078
0.364906
0.35397
0.364625
0.363983
0.374543
0.394749
0.404216
0.394823
0.395274
0.384577
0.394239
0.392411
0.40607
0.369309
0.398374
0.406389
0.424803
0.403603
0.400043
0.397577
0.389904
0.411274
0.437047
0.419393
0.404887
0.405466
0.401536
0.411662
0.412708
0.400832
0.393726
0.406967
0.415225
0.374635
0.385252
0.392625
0.399532
0.428476
0.382378
0.401086
0.390904
0.394135
0.404575
0.383172
0.390649
0.390134
0.394689
0.381627
0.375138
0.378854
0.379743
0.366012
0.370814
0.365859
0.362855
0.364592
0.358001
0.35967
0.362602
0.377625
0.368962
0.367288
0.363744
0.373705
0.368839
0.386712
0.373127
0.362648
0.358967
0.342
0.337532
0.338881
0.341589
0.342346
0.344612
0.346051
0.349697
0.358489
0.375408
0.365753
0.375014
0.35339
0.347278
0.356226
0.363019
0.361518
0.350825
0.348873
0.349986
0.358463
0.378725
0.375602
0.372148
0.391048
0.399866
0.390877
0.381005
0.398121
0.400129
0.389441
0.361681
0.347719
0.35445
0.345386
0.331552
0.335803
0.34842
0.337542
0.346585
0.336944
0.337263
0.345984
0.353989
0.372009
0.395158
0.36761
0.386853
0.391268
0.385932
0.380432
0.402203
0.422675
0.395758
0.379251
0.384588
0.357095
0.356928
0.35718
0.381646
0.394565
0.394595
0.390167
0.40293
0.39506
0.422786
0.405188
0.42959
0.382465
0.398593
0.446569
0.434558
0.41412
0.398518
0.386895
0.400824
0.404844
0.413814
0.399314
0.405765
0.389555
0.366338
0.366969
0.376957
0.401876
0.443832
0.424725
0.416313
0.383459
0.395412
0.405713
0.40551
0.411181
0.429847
0.419414
0.392274
0.374924
0.368522
0.361874
0.365307
0.359098
0.377286
0.372191
0.379603
0.359151
0.359378
0.356418
0.359425
0.352563
0.346023
0.344509
0.33743
0.366906
0.372242
0.356888
0.361086
0.362476
0.356148
0.353369
0.368119
0.375871
0.37597
0.400196
0.389423
0.393496
0.418809
0.423397
0.441274
0.467906
0.435602
0.399846
0.413537
0.461986
0.507611
0.474862
0.447674
0.465533
0.493881
0.48671
0.540671
0.445565
0.41614
0.39265
0.388019
0.377382
0.390225
0.380582
0.395769
0.381787
0.392651
0.398016
0.402277
0.419037
0.402017
0.38265
0.392852
0.420322
0.423543
0.411093
0.399363
0.397593
0.384818
0.363896
0.383686
0.364038
0.365975
0.377466
0.391115
0.394171
0.409319
0.408319
0.401027
0.414999
0.383629
0.374747
0.372563
0.378319
0.390641
0.403056
0.418189
0.40053
0.42097
0.403972
0.434214
0.469177
0.426379
0.473475
0.503955
0.450215
0.408475
0.534871
0.447979
0.461871
0.477609
0.455967
0.414845
0.435118
0.425984
0.449398
0.440233
0.467596
0.438122
0.466134
0.473598
0.463117
0.472189
0.437104
0.469471
0.443713
0.426742
0.486876
0.447589
0.476101
0.519142
0.476462
0.444104
0.512811
0.497376
0.505212
0.497336
0.463488
0.513692
0.541988
0.555194
0.538137
0.475622
0.500036
0.546797
0.467281
0.378827
0.369125
0.355305
0.373827
0.365679
0.359303
0.366993
0.370971
0.372512
0.371689
0.384507
0.393294
0.400751
0.380734
0.401671
0.391427
0.392368
0.410912
0.433016
0.433996
0.4231
0.392711
0.388551
0.378131
0.36977
0.369781
0.376637
0.369551
0.372568
0.387541
0.390173
0.392525
0.399722
0.450112
0.429994
0.454423
0.426181
0.450905
0.49999
0.459597
0.497689
0.484404
0.469177
0.473436
0.424532
0.449692
0.444005
0.410502
0.408026
0.444893
0.515549
0.52627
0.510424
0.519174
0.464942
0.429976
0.51067
0.472088
0.465906
0.429238
0.453362
0.398392
0.397069
0.43279
0.4312
0.398321
0.39001
0.401407
0.355875
0.381363
0.393942
0.376391
0.365169
0.374995
0.369182
0.363653
0.366627
0.381532
0.405867
0.383509
0.37521
0.367521
0.358541
0.368333
0.367637
0.36735
0.361099
0.356369
0.367782
0.376829
0.39293
0.377763
0.401101
0.425586
0.404392
0.38254
0.377439
0.377386
0.376508
0.395634
0.395321
0.38255
0.38086
0.377187
0.388769
0.378571
0.383345
0.387258
0.419647
0.383519
0.373441
0.358072
0.387344
0.37008
0.370041
0.365821
0.363145
0.361835
0.376364
0.373916
0.389687
0.390294
0.402548
0.388947
0.409134
0.420554
0.432549
0.42822
0.43713
0.441651
0.40549
0.395945
0.375767
0.413955
0.394242
0.376174
0.37011
0.357947
0.359629
0.358734
0.368922
0.364585
0.3781
0.396136
0.42464
0.405807
0.405522
0.447088
0.435693
0.47417
0.432053
0.467936
0.412217
0.449097
0.431385
0.39555
0.38696
0.415016
0.415556
0.420088
0.410493
0.42155
0.395014
0.385365
0.415656
0.445854
0.449985
0.454667
0.439713
0.430894
0.406589
0.419446
0.436184
0.402222
0.437437
0.413162
0.461208
0.453236
0.430923
0.439859
0.44251
0.414304
0.448399
0.470506
0.485312
0.448607
0.477365
0.444337
0.433879
0.456063
0.534363
0.474783
0.493099
0.479169
0.486506
0.522415
0.471608
0.56848
0.545602
0.39612
0.386115
0.435502
0.466239
0.445818
0.531785
0.534784
0.464446
0.463486
0.472968
0.439861
0.435792
0.445063
0.433265
0.415002
0.425472
0.4284
0.399831
0.422477
0.431613
0.397314
0.390629
0.405764
0.407481
0.43365
0.42913
0.395001
0.408827
0.441033
0.464353
0.449475
0.426025
0.382811
0.38965
0.410105
0.410812
0.395208
0.382087
0.385033
0.383438
0.385772
0.396013
0.417189
0.402795
0.403785
0.406797
0.401765
0.396688
0.387259
0.38817
0.392298
0.399482
0.414758
0.41167
0.405737
0.398939
0.39385
0.399477
0.396011
0.407935
0.417763
0.428476
0.412397
0.392314
0.390206
0.386728
0.389612
0.380281
0.380353
0.38223
0.391391
0.395933
0.412595
0.409947
0.395743
0.382406
0.373847
0.367057
0.375499
0.399521
0.411424
0.417523
0.417207
0.446386
0.464437
0.433305
0.429725
0.421286
0.419963
0.412346
0.398263
0.377858
0.371132
0.373155
0.362486
0.370137
0.412796
0.460718
0.385514
0.351274
0.358113
0.361852
0.352388
0.358841
0.36354
0.354416
0.362625
0.362018
0.367099
0.367588
0.352841
0.353633
0.34829
0.342777
0.355934
0.344789
0.348678
0.345758
0.353789
0.354016
0.364181
0.357622
0.367097
0.357568
0.352911
0.356864
0.333322
0.334243
0.348789
0.336808
0.340554
0.343312
0.340782
0.352808
0.352333
0.338102
0.340169
0.341109
0.344771
0.350265
0.351473
0.35644
0.365291
0.355904
0.362545
0.357667
0.370518
0.367843
0.350793
0.355097
0.348645
0.34795
0.348353
0.361378
0.364584
0.374727
0.377124
0.365394
0.357487
0.349062
0.341884
0.336675
0.352132
0.343867
0.345473
0.350813
0.360847
0.350783
0.355881
0.352565
0.361351
0.374312
0.371833
0.375651
0.390453
0.377284
0.367648
0.37688
0.387446
0.387838
0.396281
0.395529
0.371656
0.378378
0.372501
0.416744
0.3993
0.382846
0.361871
0.369068
0.358385
0.350246
0.348055
0.348133
0.338325
0.348527
0.353176
0.352424
0.352303
0.356825
0.355236
0.362551
0.363616
0.370218
0.363508
0.363193
0.368446
0.387059
0.386137
0.366538
0.408935
0.385862
0.384899
0.370132
0.378803
0.4024
0.396412
0.375506
0.353827
0.354138
0.356244
0.366932
0.374872
0.373345
0.379642
0.394147
0.398211
0.375843
0.384278
0.392426
0.397085
0.413307
0.395384
0.396323
0.401448
0.399259
0.367432
0.357154
0.347972
0.379278
0.383311
0.386142
0.374886
0.372388
0.369995
0.364822
0.373592
0.367808
0.370785
0.366421
0.358098
0.363897
0.389263
0.391272
0.398505
0.416501
0.417916
0.383377
0.40836
0.417229
0.399242
0.367435
0.36196
0.390169
0.393549
0.394221
0.406724
0.397261
0.402317
0.470175
0.45178
0.45402
0.455968
0.410591
0.430451
0.423371
0.448232
0.444051
0.405799
0.416868
0.44724
0.473235
0.461649
0.480965
0.452473
0.535347
0.465778
0.496377
0.46232
0.438533
0.494993
0.498523
0.467325
0.483698
0.48599
0.498239
0.408951
0.46495
0.384859
0.38681
0.383463
0.384006
0.397626
0.39283
0.3854
0.393022
0.385979
0.379236
0.394247
0.396828
0.438869
0.417024
0.473623
0.413026
0.426368
0.452993
0.44982
0.427823
0.405747
0.414575
0.393619
0.416977
0.383852
0.416715
0.409293
0.392859
0.386975
0.404526
0.419143
0.435604
0.410087
0.444263
0.415533
0.433196
0.42286
0.417239
0.423714
0.425436
0.413474
0.398449
0.442773
0.430595
0.401285
0.429136
0.397066
0.377345
0.380471
0.399086
0.416158
0.393368
0.389545
0.38373
0.369002
0.36
0.348981
0.352343
0.345708
0.347422
0.350548
0.356151
0.362726
0.378278
0.344974
0.353645
0.349389
0.380975
0.358092
0.351621
0.36075
0.359457
0.37193
0.391113
0.389176
0.407018
0.395207
0.386332
0.394817
0.381316
0.421486
0.408844
0.382721
0.380961
0.368094
0.364673
0.358372
0.370602
0.367662
0.400157
0.386109
0.3679
0.370128
0.378612
0.372155
0.362033
0.368938
0.381313
0.391105
0.393703
0.405708
0.40665
0.399677
0.398511
0.370534
0.408684
0.384909
0.388403
0.385744
0.364171
0.353177
0.401323
0.393899
0.3886
0.378282
0.404753
0.419862
0.401773
0.383658
0.384097
0.387136
0.383913
0.372626
0.369029
0.355903
0.350681
0.3508
0.352502
0.342041
0.34258
0.341416
0.343192
0.359865
0.3519
0.345029
0.345383
0.332019
0.34741
0.354343
0.349278
0.345355
0.341153
0.347479
0.352758
0.366073
0.365776
0.362947
0.363633
0.377131
0.364045
0.357727
0.359528
0.361101
0.371636
0.395544
0.404621
0.402721
0.419216
0.414083
0.392232
0.395033
0.398845
0.391192
0.400052
0.395418
0.400482
0.402291
0.369582
0.373214
0.358593
0.351493
0.354699
0.355325
0.360596
0.356256
0.356157
0.347406
0.351136
0.353887
0.35742
0.349261
0.367981
0.377237
0.386585
0.428816
0.409407
0.391503
0.366284
0.360728
0.379493
0.379959
0.392549
0.387431
0.411472
0.40222
0.375832
0.372972
0.371688
0.383608
0.374663
0.369339
0.371334
0.414904
0.380992
0.378881
0.383018
0.379593
0.431384
0.420579
0.436852
0.449915
0.466484
0.501011
0.495103
0.40706
0.41245
0.403209
0.436384
0.426404
0.440489
0.434132
0.427689
0.444427
0.428864
0.406639
0.414152
0.414688
0.425542
0.38571
0.380823
0.398175
0.393399
0.370536
0.370077
0.380851
0.384082
0.373053
0.365137
0.370211
0.371041
0.366574
0.370618
0.365536
0.363632
0.379632
0.390619
0.402826
0.388959
0.395215
0.419941
0.452782
0.484739
0.442792
0.467195
0.476651
0.431485
0.437692
0.516461
0.47498
0.46818
0.446591
0.432522
0.432651
0.405157
0.484403
0.430901
0.428475
0.405049
0.420116
0.537898
0.578418
0.517165
0.566278
0.578265
0.504942
0.472178
0.506782
0.496696
0.466133
0.48054
0.548853
0.555363
0.472448
0.464253
0.441482
0.474683
0.434068
0.423287
0.443391
0.481897
0.492991
0.522534
0.507131
0.472499
0.499692
0.534357
0.533575
0.491
0.536314
0.536124
0.519737
0.52513
0.45831
0.453243
0.458138
0.452049
0.468767
0.41755
0.407027
0.395828
0.395186
0.40081
0.378384
0.369446
0.365504
0.374663
0.375655
0.389677
0.399379
0.394803
0.399827
0.398934
0.381817
0.383206
0.404438
0.378852
0.400388
0.393659
0.422036
0.421276
0.405182
0.399489
0.404847
0.400551
0.41256
0.443407
0.37488
0.382202
0.382749
0.375815
0.364549
0.362496
0.360311
0.364017
0.3702
0.364325
0.357058
0.38356
0.381882
0.377168
0.375769
0.371323
0.380431
0.380649
0.389132
0.388
0.379169
0.363747
0.369082
0.379478
0.394083
0.410523
0.411044
0.42504
0.441154
0.402316
0.434791
0.444454
0.444973
0.421701
0.400077
0.385972
0.392426
0.395623
0.357232
0.35477
0.355564
0.354526
0.358741
0.354826
0.348564
0.340416
0.338889
0.347623
0.348991
0.348635
0.351815
0.366071
0.351471
0.357629
0.349934
0.34118
0.358426
0.344705
0.342055
0.345929
0.349631
0.346304
0.35127
0.346488
0.341751
0.344479
0.34684
0.338255
0.347258
0.34835
0.34439
0.358292
0.356104
0.368688
0.365632
0.369251
0.378434
0.389524
0.421809
0.419519
0.433598
0.412318
0.421514
0.409846
0.388048
0.412196
0.424661
0.425264
0.422668
0.432465
0.423355
0.436096
0.409833
0.409426
0.40448
0.39163
0.423715
0.395807
0.379115
0.371588
0.362054
0.351544
0.35726
0.356918
0.355001
0.365246
0.364719
0.356101
0.34838
0.359789
0.347867
0.347572
0.354874
0.361228
0.369066
0.357861
0.371845
0.379335
0.376298
0.395497
0.394047
0.370918
0.402398
0.41253
0.422685
0.397056
0.403818
0.415678
0.41543
0.388299
0.397344
0.408647
0.406724
0.430111
0.411409
0.403617
0.3993
0.404796
0.383067
0.381514
0.39991
0.40509
0.410546
0.446278
0.423457
0.404584
0.383538
0.362469
0.361615
0.367147
0.349597
0.335415
0.349661
0.34649
0.348797
0.348517
0.341674
0.349182
0.354982
0.354582
0.357288
0.346957
0.359355
0.350313
0.360495
0.363408
0.340594
0.350854
0.34851
0.34602
0.329389
0.343501
0.34505
0.346
0.352472
0.348204
0.343728
0.335519
0.352545
0.347236
0.344699
0.346501
0.357533
0.368108
0.385489
0.369846
0.368111
0.367408
0.374336
0.371401
0.355335
0.351814
0.351802
0.358974
0.353683
0.343174
0.372207
0.387998
0.409878
0.391177
0.37197
0.373835
0.361491
0.366377
0.359075
0.374173
0.389803
0.372908
0.368415
0.375792
0.37764
0.363814
0.371038
0.37671
0.397622
0.389703
0.391854
0.401234
0.412284
0.4029
0.40655
0.413705
0.41246
0.43024
0.415009
0.382811
0.3812
0.398709
0.40303
0.373136
0.367897
0.369475
0.358049
0.352119
0.373727
0.375628
0.354109
0.351423
0.375232
0.389677
0.38531
0.391825
0.390026
0.417184
0.425431
0.402618
0.421676
0.409449
0.394443
0.374762
0.379693
0.388921
0.386794
0.368884
0.372537
0.37244
0.368051
0.369463
0.363802
0.383956
0.366117
0.418547
0.393223
0.395407
0.388202
0.396586
0.415017
0.401744
0.381315
0.387639
0.380973
0.374087
0.359581
0.358471
0.352099
0.35404
0.354162
0.350125
0.349014
0.352359
0.353239
0.362538
0.352556
0.335749
0.345631
0.343797
0.346076
0.360664
0.370761
0.380034
0.374353
0.376917
0.369933
0.379285
0.364711
0.367062
0.361539
0.349765
0.356813
0.350253
0.353672
0.358135
0.359793
0.352175
0.363293
0.370625
0.395302
0.403387
0.396275
0.384852
0.373876
0.397288
0.381182
0.378189
0.360412
0.361164
0.366053
0.360869
0.374735
0.359286
0.358877
0.38773
0.383746
0.388716
0.365745
0.37696
0.363638
0.358112
0.349088
0.346808
0.36405
0.365274
0.371491
0.373609
0.363439
0.372633
0.363069
0.366468
0.363948
0.358702
0.360701
0.372652
0.386715
0.400197
0.399041
0.402139
0.403601
0.374574
0.36938
0.395696
0.401096
0.392457
0.406587
0.387296
0.383976
0.357153
0.357198
0.353619
0.35342
0.376037
0.389818
0.395953
0.406995
0.366518
0.372355
0.365182
0.363406
0.367782
0.360682
0.364176
0.351622
0.345032
0.341708
0.339529
0.341548
0.34191
0.344084
0.351113
0.33905
0.344852
0.341165
0.350952
0.363361
0.362418
0.382254
0.399828
0.38717
0.371701
0.391117
0.370155
0.364397
0.361605
0.36111
0.37206
0.378868
0.380598
0.377096
0.385389
0.384076
0.354154
0.381761
0.39215
0.37458
0.387427
0.394245
0.371147
0.361112
0.35994
0.359823
0.357996
0.354588
0.35182
0.359001
0.351084
0.353289
0.33942
0.356963
0.356147
0.369964
0.371312
0.379683
0.381119
0.397185
0.403483
0.416896
0.385514
0.368075
0.37605
0.352718
0.359883
0.346275
0.349514
0.350497
0.338746
0.339641
0.34932
0.391774
0.344336
0.344339
0.343551
0.340337
0.346543
0.344669
0.348701
0.341116
0.349537
0.344658
0.341429
0.346986
0.350757
0.343494
0.34256
0.336476
0.33338
0.348395
0.351935
0.358737
0.342617
0.348596
0.364328
0.350895
0.36677
0.368578
0.391138
0.414892
0.415292
0.402496
0.43149
0.416959
0.407084
0.391458
0.404913
0.392892
0.382838
0.377495
0.366135
0.369597
0.361579
0.365441
0.364592
0.376489
0.383325
0.383866
0.383172
0.380077
0.370265
0.373054
0.372582
0.37381
0.392755
0.38844
0.411059
0.397718
0.393571
0.381955
0.369471
0.379459
0.37169
0.394359
0.412167
0.409897
0.372866
0.378235
0.377287
0.377451
0.355227
0.357548
0.366149
0.393267
0.373758
0.355101
0.364136
0.418631
0.402171
0.415318
0.418
0.429035
0.370359
0.416772
0.402498
0.436043
0.412032
0.410037
0.401693
0.390822
0.383386
0.377966
0.382694
0.364811
0.375528
0.373711
0.368337
0.35992
0.354996
0.361678
0.363575
0.355149
0.351416
0.354505
0.359341
0.37367
0.379493
0.393942
0.405578
0.368467
0.406265
0.371075
0.371438
0.355009
0.351721
0.347347
0.337473
0.354133
0.340904
0.340531
0.3329
0.345101
0.353454
0.362403
0.373569
0.378215
0.370093
0.353427
0.354818
0.353686
0.380813
0.397462
0.425226
0.383959
0.380755
0.366627
0.350255
0.347216
0.35377
0.350093
0.346953
0.359531
0.350908
0.366013
0.360583
0.380603
0.399658
0.401753
0.405377
0.384479
0.383267
0.418781
0.388806
0.370054
0.356296
0.345569
0.345549
0.348339
0.359277
0.353552
0.351958
0.363084
0.372241
0.395364
0.389626
0.408597
0.372656
0.366277
0.359805
0.37265
0.355216
0.360761
0.356796
0.36433
0.357079
0.358094
0.379031
0.373102
0.359143
0.363215
0.383335
0.381546
0.364279
0.343557
0.353612
0.349787
0.349502
0.350742
0.360218
0.36153
0.35748
0.34813
0.359366
0.368767
0.371598
0.372997
0.374525
0.389121
0.382263
0.394606
0.393143
0.377634
0.445877
0.404985
0.441808
0.425375
0.429404
0.433411
0.441981
0.422738
0.456149
0.417383
0.401261
0.406556
0.409453
0.423886
0.42173
0.418234
0.402432
0.390608
0.388892
0.384633
0.404021
0.433524
0.398701
0.381569
0.380669
0.390071
0.406267
0.423609
0.449451
0.485587
0.535948
0.539249
0.518157
0.588102
0.542098
0.498955
0.503442
0.463875
0.451161
0.45751
0.43167
0.448889
0.441579
0.448027
0.416184
0.411658
0.391106
0.383843
0.410458
0.420871
0.430649
0.416509
0.41167
0.43167
0.466021
0.450249
0.411303
0.402473
0.401669
0.420412
0.389363
0.391834
0.386469
0.38082
0.390358
0.399156
0.405068
0.406509
0.422596
0.426635
0.47271
0.43781
0.417288
0.402703
0.381513
0.380572
0.363353
0.35358
0.359698
0.351827
0.350826
0.374908
0.391147
0.390636
0.429908
0.428496
0.434222
0.435784
0.397415
0.382753
0.397496
0.397456
0.399046
0.39664
0.438187
0.441919
0.436095
0.412799
0.406473
0.361603
0.365128
0.360608
0.354439
0.344595
0.353987
0.346728
0.351226
0.342962
0.353998
0.347524
0.3552
0.353994
0.351926
0.371834
0.347356
0.35972
0.35228
0.354552
0.347913
0.356012
0.354839
0.355666
0.353477
0.348957
0.358642
0.348089
0.351377
0.349541
0.348044
0.345689
0.352916
0.340241
0.364654
0.349977
0.34115
0.346684
0.34147
0.346132
0.344766
0.34777
0.348511
0.342274
0.356292
0.347386
0.347254
0.341597
0.349623
0.355228
0.350358
0.35326
0.369355
0.384702
0.402138
0.449267
0.450367
0.437205
0.426253
0.419147
0.384369
0.376118
0.408173
0.400708
0.402933
0.36731
0.415719
0.419274
0.406777
0.395615
0.37853
0.384432
0.398903
0.384693
0.401298
0.39491
0.365898
0.413666
0.386589
0.41721
0.405602
0.419594
0.410749
0.406966
0.366361
0.386208
0.379114
0.361377
0.367302
0.377205
0.38409
0.403601
0.376721
0.374079
0.379505
0.370711
0.369765
0.383513
0.377157
0.416657
0.430718
0.405909
0.38633
0.372869
0.362381
0.361118
0.364128
0.360731
0.36298
0.343135
0.364054
0.362694
0.370892
0.376307
0.363141
0.373864
0.368082
0.343145
0.351372
0.347508
0.35006
0.35865
0.371698
0.385789
0.386078
0.375661
0.398384
0.379122
0.401924
0.419339
0.410389
0.403461
0.382331
0.405193
0.396121
0.426561
0.420003
0.413626
0.395028
0.415898
0.406427
0.385021
0.377097
0.376573
0.381083
0.381306
0.394626
0.372367
0.371784
0.37201
0.371654
0.365229
0.392317
0.390018
0.371986
0.400442
0.392536
0.41924
0.403845
0.405345
0.38323
0.405777
0.379708
0.36137
0.356442
0.363064
0.380106
0.363829
0.387986
0.360489
0.392458
0.354105
0.374029
0.403842
0.373152
0.411647
0.394859
0.390726
0.398012
0.386349
0.3752
0.385311
0.405894
0.406332
0.392894
0.405621
0.422686
0.428271
0.392485
0.369456
0.396906
0.394138
0.367351
0.394795
0.387243
0.382779
0.410192
0.410015
0.405535
0.414516
0.396591
0.381554
0.43512
0.418011
0.395625
0.401932
0.413747
0.413467
0.39923
0.405717
0.392614
0.373367
0.389164
0.392888
0.427944
0.404863
0.434217
0.413016
0.415073
0.387541
0.400834
0.377838
0.379596
0.424309
0.415208
0.413122
0.390741
0.393959
0.418777
0.433422
0.410465
0.39766
0.397287
0.414074
0.380113
0.366913
0.404534
0.377412
0.399767
0.381339
0.381353
0.352577
0.370964
0.372554
0.359003
0.355923
0.350971
0.350729
0.340016
0.340909
0.344061
0.345918
0.341315
0.353396
0.354314
0.36293
0.365828
0.368396
0.36375
0.354127
0.374505
0.36665
0.367736
0.374118
0.36462
0.357611
0.359499
0.354736
0.368827
0.369262
0.372283
0.366684
0.37911
0.401084
0.35989
0.352784
0.344429
0.349816
0.343809
0.361446
0.364771
0.382059
0.389785
0.354745
0.371175
0.361869
0.372032
0.366828
0.37898
0.371715
0.386454
0.399666
0.379184
0.391894
0.396569
0.385678
0.38346
0.374922
0.366308
0.359963
0.364826
0.373911
0.378417
0.379167
0.370931
0.36324
0.339932
0.354766
0.365958
0.354222
0.354217
0.352434
0.34142
0.353587
0.354679
0.361924
0.358045
0.371548
0.360577
0.360575
0.37831
0.364058
0.367317
0.360112
0.33773
0.351442
0.347121
0.342595
0.334954
0.343729
0.344044
0.34532
0.342581
0.347047
0.357246
0.362224
0.386642
0.381907
0.373145
0.35754
0.379258
0.394664
0.349959
0.387817
0.380201
0.375176
0.387719
0.375593
0.359373
0.358008
0.378716
0.367624
0.383577
0.388517
0.377637
0.392665
0.412683
0.387278
0.423441
0.404014
0.387875
0.389343
0.380275
0.372451
0.374897
0.384298
0.401237
0.385039
0.383259
0.387709
0.372976
0.392004
0.404118
0.394052
0.37314
0.352909
0.354458
0.358977
0.350755
0.37001
0.382007
0.380715
0.378594
0.403367
0.382789
0.359941
0.356998
0.360626
0.349852
0.35866
0.349435
0.343926
0.360961
0.362845
0.380398
0.392689
0.387712
0.40611
0.387602
0.363562
0.371873
0.372077
0.386529
0.399002
0.403609
0.389589
0.377905
0.363022
0.362493
0.370375
0.381406
0.419854
0.434224
0.400893
0.388468
0.3824
0.389643
0.368652
0.376248
0.37448
0.370123
0.370729
0.361629
0.347945
0.366906
0.361
0.35881
0.36691
0.380596
0.395664
0.385247
0.381823
0.418119
0.459589
0.456564
0.425017
0.437839
0.458984
0.458841
0.446952
0.475963
0.452093
0.469217
0.429751
0.461596
0.465032
0.466377
0.440716
0.43524
0.424845
0.393296
0.397538
0.407174
0.428876
0.433003
0.405538
0.411581
0.444305
0.465461
0.439659
0.444555
0.45598
0.474509
0.529652
0.428139
0.443786
0.424449
0.408113
0.388429
0.427783
0.452319
0.49827
0.436833
0.463211
0.441042
0.429719
0.413832
0.393276
0.393543
0.391265
0.381995
0.379137
0.372451
0.362568
0.365642
0.377635
0.382486
0.405853
0.409126
0.400485
0.410028
0.388366
0.387712
0.397514
0.387094
0.379923
0.361056
0.380846
0.38693
0.423628
0.442804
0.455907
0.467559
0.448892
0.513597
0.505767
0.442584
0.425514
0.458852
0.439569
0.437201
0.40487
0.400428
0.382196
0.372577
0.379904
0.382642
0.407039
0.409733
0.419043
0.44227
0.46134
0.451095
0.412493
0.401504
0.387318
0.387982
0.38244
0.379725
0.391744
0.400542
0.420143
0.438894
0.433862
0.421606
0.415993
0.398604
0.400058
0.399587
0.39847
0.414958
0.408255
0.435213
0.454304
0.435193
0.408559
0.394217
0.379649
0.359059
0.356687
0.348204
0.364278
0.365962
0.364229
0.361328
0.380343
0.388959
0.377307
0.366627
0.355676
0.357511
0.35705
0.353306
0.360466
0.359905
0.360094
0.370437
0.370923
0.370685
0.388444
0.384423
0.381961
0.376479
0.40089
0.421857
0.459102
0.435676
0.461685
0.44432
0.42016
0.399573
0.425722
0.44806
0.451283
0.47073
0.41863
0.368231
0.442751
0.469463
0.430282
0.463748
0.452777
0.488637
0.497417
0.441968
0.463916
0.459006
0.436578
0.441601
0.436479
0.445454
0.42874
0.420633
0.424332
0.461637
0.46501
0.452457
0.449999
0.530614
0.491793
0.458307
0.538908
0.454794
0.459069
0.511619
0.499768
0.455333
0.448024
0.505931
0.509789
0.489059
0.46909
0.484752
0.47597
0.472062
0.427725
0.460137
0.431045
0.439203
0.420433
0.437102
0.434069
0.475572
0.426697
0.388206
0.406565
0.437242
0.431202
0.457064
0.480576
0.449329
0.457354
0.408572
0.42888
0.424892
0.420045
0.448436
0.405366
0.413422
0.447113
0.419886
0.404867
0.42974
0.458363
0.445528
0.444571
0.426727
0.435648
0.409242
0.393625
0.369838
0.371335
0.374842
0.364334
0.37459
0.380527
0.392408
0.441235
0.433274
0.414678
0.422028
0.416939
0.409795
0.405394
0.386579
0.401943
0.391612
0.407838
0.416733
0.445575
0.413831
0.415861
0.434936
0.427072
0.430726
0.446443
0.45418
0.438658
0.406434
0.421114
0.437798
0.427093
0.407914
0.401979
0.415309
0.422175
0.419244
0.417264
0.419469
0.3998
0.378191
0.368274
0.379466
0.386273
0.39257
0.407671
0.421584
0.411993
0.371644
0.380478
0.412095
0.427854
0.427463
0.398755
0.386909
0.368367
0.375065
0.365776
0.370687
0.374397
0.366275
0.38759
0.392969
0.422889
0.416928
0.403508
0.404011
0.388384
0.385786
0.415274
0.432176
0.420312
0.387797
0.411801
0.404549
0.426622
0.399234
0.400898
0.407458
0.411974
0.423193
0.372472
0.399811
0.456349
0.443951
0.436993
0.441227
0.485569
0.47952
0.460589
0.464164
0.511697
0.532837
0.457592
0.410545
0.409716
0.415671
0.494068
0.493857
0.532722
0.52759
0.472303
0.494723
0.430151
0.443372
0.47576
0.477844
0.442086
0.428874
0.459907
0.437542
0.490666
0.484861
0.441139
0.490084
0.455801
0.395155
0.420693
0.39869
0.390078
0.435199
0.481119
0.392466
0.445089
0.423173
0.453613
0.474474
0.455622
0.439655
0.451413
0.516856
0.471749
0.48321
0.456185
0.406182
0.461553
0.50418
0.486002
0.475691
0.501684
0.50887
0.459894
0.459839
0.394634
0.356191
0.377267
0.426608
0.420937
0.398506
0.391173
0.379647
0.402188
0.405779
0.395956
0.378578
0.370608
0.361311
0.35522
0.350973
0.354215
0.359424
0.37147
0.369085
0.349199
0.358958
0.359879
0.377032
0.37865
0.375648
0.37314
0.381783
0.4023
0.416593
0.431245
0.423887
0.418425
0.411915
0.401589
0.393012
0.363714
0.357143
0.359017
0.366755
0.353104
0.352928
0.352422
0.354591
0.357588
0.378715
0.378879
0.394837
0.385153
0.376147
0.376222
0.368238
0.388023
0.377419
0.372076
0.358976
0.349669
0.348292
0.348943
0.353267
0.36166
0.373743
0.396825
0.37601
0.377359
0.35336
0.35297
0.354915
0.3441
0.331679
0.339473
0.351317
0.343577
0.353119
0.346315
0.344064
0.342899
0.336933
0.340184
0.339323
0.351556
0.356048
0.351548
0.349836
0.348152
0.357176
0.376285
0.360144
0.361384
0.382405
0.380064
0.384232
0.39112
0.376561
0.370353
0.369635
0.363179
0.350875
0.371254
0.364003
0.388344
0.439443
0.429419
0.38889
0.373073
0.360441
0.362402
0.366855
0.375259
0.380578
0.385373
0.380559
0.37398
0.364977
0.368386
0.356078
0.3556
0.364657
0.370745
0.362508
0.359053
0.366341
0.38113
0.352391
0.382391
0.379434
0.38654
0.376191
0.368544
0.374165
0.349375
0.350785
0.357095
0.359312
0.374422
0.375113
0.384183
0.381122
0.382336
0.376096
0.37492
0.373979
0.375579
0.392871
0.37344
0.382483
0.38244
0.386668
0.399688
0.398639
0.392895
0.378709
0.386883
0.386362
0.38817
0.386946
0.388536
0.4134
0.392353
0.385547
0.405988
0.359151
0.417658
0.42304
0.431523
0.422511
0.411941
0.404619
0.386821
0.384859
0.372877
0.368124
0.356262
0.352352
0.350406
0.347074
0.347187
0.357993
0.356994
0.338573
0.35112
0.344363
0.34428
0.345707
0.339317
0.351969
0.35526
0.351159
0.351674
0.361329
0.366519
0.384997
0.381542
0.365689
0.34875
0.35261
0.352578
0.360523
0.371688
0.382504
0.39674
0.402924
0.393554
0.378546
0.373711
0.383739
0.340791
0.360112
0.36995
0.355773
0.342658
0.333724
0.346053
0.337364
0.339401
0.34863
0.340467
0.349067
0.348947
0.352995
0.366247
0.377915
0.376281
0.382658
0.408206
0.398099
0.400218
0.406214
0.393237
0.404125
0.421662
0.447474
0.392934
0.429082
0.421591
0.428992
0.39822
0.435083
0.410329
0.387673
0.43508
0.381105
0.429504
0.381249
0.423768
0.401752
0.432115
0.408076
0.381215
0.432279
0.414244
0.389874
0.373567
0.362848
0.354767
0.364001
0.379221
0.396418
0.388801
0.374116
0.365786
0.355403
0.35461
0.361589
0.356981
0.371724
0.373091
0.377517
0.378872
0.363316
0.376276
0.38058
0.391522
0.385033
0.38064
0.391523
0.383981
0.401062
0.39502
0.380235
0.368789
0.360767
0.344528
0.344706
0.351786
0.360639
0.358773
0.379882
0.376225
0.364569
0.357122
0.367319
0.376415
0.379131
0.354089
0.346145
0.367981
0.36103
0.353489
0.359964
0.369074
0.374505
0.394452
0.393165
0.390072
0.386975
0.369241
0.356461
0.363164
0.367479
0.365896
0.375997
0.354021
0.356765
0.350433
0.366797
0.361641
0.35954
0.359455
0.373657
0.380897
0.383493
0.390964
0.381111
0.38863
0.390059
0.396232
0.385346
0.387512
0.370751
0.372661
0.377136
0.391725
0.371639
0.369055
0.382228
0.383063
0.416535
0.411348
0.394304
0.412879
0.388108
0.373169
0.374598
0.376131
0.39392
0.391768
0.400437
0.406205
0.401298
0.395616
0.399633
0.40763
0.405838
0.413691
0.413411
0.401661
0.407512
0.409917
0.390054
0.371061
0.360244
0.354033
0.351056
0.347165
0.354334
0.347145
0.351379
0.366909
0.364321
0.379539
0.389157
0.388582
0.395311
0.400945
0.395245
0.40115
0.410496
0.380696
0.369566
0.391777
0.375038
0.373602
0.375651
0.363461
0.372412
0.37302
0.366657
0.377924
0.354245
0.397229
0.385312
0.392245
0.432513
0.416799
0.409648
0.411629
0.394369
0.434001
0.434564
0.472935
0.438363
0.419329
0.432203
0.438163
0.432332
0.411374
0.390158
0.399251
0.386715
0.377419
0.368837
0.382788
0.365131
0.349754
0.376614
0.382603
0.411946
0.421307
0.407848
0.436565
0.398826
0.369703
0.376998
0.38758
0.403902
0.421544
0.409302
0.42851
0.444434
0.463958
0.432848
0.449859
0.429068
0.466927
0.436988
0.435219
0.425607
0.422051
0.445073
0.442387
0.418481
0.413998
0.392988
0.431128
0.430711
0.413754
0.403848
0.395149
0.395478
0.371652
0.386717
0.421046
0.399919
0.439679
0.413415
0.406918
0.37741
0.369134
0.384225
0.395175
0.376388
0.437023
0.42237
0.437351
0.472738
0.457864
0.438316
0.471741
0.48254
0.425903
0.502039
0.484137
0.469885
0.441188
0.447614
0.426624
0.422325
0.500229
0.491348
0.435323
0.53222
0.568347
0.536134
0.569502
0.557474
0.586609
0.533695
0.564573
0.541265
0.536593
0.524666
0.488821
0.453138
0.384406
0.403385
0.44989
0.498207
0.441085
0.520898
0.474354
0.512862
0.552378
0.465625
0.46549
0.457273
0.50074
0.488712
0.435223
0.386482
0.380636
0.372183
0.386718
0.392208
0.375176
0.356506
0.353308
0.343854
0.348116
0.350695
0.345784
0.360332
0.371051
0.377667
0.358105
0.367641
0.356539
0.346331
0.358616
0.359451
0.38425
0.369937
0.362971
0.347052
0.349807
0.370735
0.357577
0.352628
0.347016
0.353789
0.355049
0.352492
0.349924
0.363828
0.359171
0.379133
0.391928
0.375077
0.364511
0.372976
0.383138
0.367367
0.370497
0.354342
0.358361
0.363491
0.365991
0.358732
0.359548
0.364834
0.371625
0.374757
0.387214
0.37933
0.391547
0.392289
0.383183
0.419298
0.395237
0.417002
0.41758
0.390757
0.415092
0.421404
0.390222
0.400532
0.40089
0.382829
0.418988
0.415834
0.404526
0.408827
0.408306
0.43307
0.422643
0.41831
0.368866
0.460706
0.429778
0.391819
0.39593
0.410129
0.401586
0.410403
0.407428
0.407477
0.429095
0.394398
0.429231
0.416602
0.407752
0.457724
0.492204
0.438023
0.399629
0.394298
0.381272
0.412238
0.419451
0.397916
0.422538
0.382763
0.372435
0.412066
0.408695
0.402415
0.384358
0.389849
0.392686
0.390722
0.422501
0.383814
0.433986
0.440428
0.416812
0.407171
0.41161
0.415633
0.399575
0.381811
0.376568
0.401128
0.395194
0.388539
0.376041
0.406912
0.407542
0.423995
0.400207
0.385535
0.380633
0.390544
0.393965
0.394151
0.39785
0.409089
0.414448
0.395091
0.39345
0.395698
0.405269
0.420671
0.408371
0.463293
0.53033
0.470803
0.472349
0.476163
0.484299
0.412189
0.445444
0.444538
0.393643
0.38552
0.389085
0.383686
0.421619
0.483282
0.466075
0.435597
0.402968
0.393207
0.376762
0.376301
0.367058
0.357432
0.392017
0.369826
0.398961
0.440321
0.453105
0.424439
0.435804
0.426953
0.395954
0.381457
0.386512
0.365295
0.362759
0.375984
0.362287
0.36329
0.352901
0.372486
0.364823
0.379725
0.404221
0.420572
0.447773
0.442919
0.441364
0.46102
0.441804
0.403105
0.475212
0.449515
0.460234
0.387674
0.383692
0.365199
0.363743
0.371604
0.401462
0.402673
0.434989
0.482099
0.40568
0.413505
0.39802
0.418555
0.419458
0.412427
0.390658
0.432386
0.457947
0.43204
0.466047
0.458179
0.428898
0.443664
0.449208
0.443826
0.434842
0.42757
0.423706
0.443522
0.428931
0.445377
0.42865
0.403649
0.384114
0.399044
0.447042
0.441374
0.437156
0.441381
0.447107
0.43938
0.42788
0.440256
0.423046
0.448613
0.482562
0.483977
0.518559
0.501042
0.50756
0.521758
0.47691
0.489399
0.480681
0.491383
0.481038
0.482107
0.488868
0.505031
0.475331
0.369008
0.429791
0.40239
0.405351
0.383671
0.409297
0.372866
0.365444
0.359494
0.358384
0.355575
0.350311
0.351693
0.370289
0.36035
0.365446
0.366052
0.372387
0.360122
0.344775
0.348875
0.348313
0.368208
0.369542
0.334881
0.348533
0.350564
0.35481
0.346719
0.344752
0.341085
0.341967
0.35201
0.343885
0.342525
0.349171
0.341686
0.349256
0.356921
0.368872
0.371805
0.392949
0.379555
0.357097
0.376427
0.376176
0.366767
0.354268
0.345891
0.352249
0.356494
0.360983
0.37243
0.378481
0.386837
0.373094
0.380249
0.397839
0.386715
0.386096
0.374663
0.389915
0.388841
0.380034
0.381122
0.359738
0.360554
0.359405
0.367743
0.380851
0.36431
0.371362
0.363493
0.390529
0.378287
0.386994
0.388738
0.389249
0.379319
0.402759
0.389895
0.394929
0.384382
0.450526
0.483623
0.466949
0.484964
0.446456
0.484931
0.470572
0.416696
0.484981
0.49101
0.52779
0.529203
0.510693
0.509061
0.504989
0.485967
0.480214
0.508561
0.523002
0.390488
0.394769
0.397181
0.373576
0.376156
0.380172
0.386695
0.398666
0.424268
0.393518
0.432947
0.451475
0.443724
0.413772
0.398821
0.39812
0.41211
0.380858
0.368183
0.391658
0.412495
0.393426
0.388492
0.386661
0.366905
0.352004
0.344006
0.357102
0.355115
0.360023
0.369766
0.368753
0.357823
0.35358
0.38114
0.398135
0.385204
0.39074
0.394176
0.370375
0.367361
0.362227
0.359565
0.361414
0.360154
0.351944
0.346724
0.368292
0.363256
0.345787
0.353492
0.34918
0.362561
0.378308
0.393292
0.397639
0.391784
0.376179
0.372482
0.38338
0.369312
0.356059
0.344317
0.342247
0.34653
0.344238
0.343462
0.347614
0.354042
0.349108
0.362833
0.370105
0.367156
0.378596
0.365001
0.358018
0.383499
0.357212
0.370636
0.372843
0.361311
0.370501
0.375198
0.380251
0.358015
0.359557
0.363816
0.362093
0.355713
0.345301
0.347711
0.349222
0.352847
0.360607
0.369328
0.383407
0.388677
0.42025
0.399487
0.468382
0.478397
0.447964
0.502298
0.429553
0.414573
0.43434
0.454785
0.434469
0.441147
0.403284
0.416428
0.420632
0.386956
0.469894
0.437805
0.472122
0.468697
0.447738
0.387742
0.40954
0.373536
0.378962
0.395226
0.399089
0.435653
0.408404
0.386534
0.433007
0.396158
0.430641
0.40027
0.383211
0.370389
0.362571
0.366791
0.372029
0.378931
0.401559
0.416018
0.417461
0.407628
0.446701
0.440435
0.403047
0.463751
0.444051
0.435563
0.454369
0.474943
0.397491
0.417386
0.433343
0.422634
0.398782
0.391288
0.42564
0.419129
0.433664
0.408304
0.441967
0.404594
0.375832
0.413585
0.392657
0.375093
0.370911
0.368803
0.358423
0.356093
0.358686
0.361399
0.356131
0.359453
0.360215
0.363714
0.377116
0.38242
0.400667
0.431517
0.427972
0.41591
0.476487
0.457132
0.445883
0.507138
0.431684
0.464793
0.405976
0.474801
0.552606
0.490413
0.465195
0.48564
0.399148
0.415393
0.456525
0.448865
0.42003
0.417618
0.399551
0.421226
0.440662
0.419772
0.44115
0.453138
0.476486
0.514022
0.442433
0.498061
0.456734
0.44361
0.406074
0.457111
0.456147
0.50246
0.531135
0.512465
0.487907
0.52282
0.438289
0.475551
0.443471
0.439571
0.458582
0.477999
0.481616
0.482774
0.480559
0.486468
0.471831
0.431122
0.392758
0.394117
0.398321
0.389996
0.394331
0.37793
0.380021
0.37867
0.377385
0.3787
0.374095
0.377876
0.384123
0.387046
0.419187
0.417411
0.440776
0.458196
0.45882
0.445411
0.463154
0.447944
0.439085
0.420109
0.435247
0.426782
0.431973
0.39084
0.424156
0.42099
0.436864
0.490843
0.460746
0.444817
0.444958
0.476827
0.472515
0.428
0.431394
0.439842
0.411633
0.400377
0.375108
0.365625
0.354428
0.352174
0.34784
0.349242
0.360178
0.369282
0.379908
0.364917
0.375343
0.3555
0.352145
0.372594
0.370892
0.388954
0.412942
0.400375
0.386091
0.389372
0.39643
0.396739
0.407208
0.417898
0.417394
0.412685
0.412452
0.451857
0.435822
0.424888
0.436005
0.431103
0.445243
0.506871
0.495987
0.477127
0.470075
0.496416
0.465498
0.468827
0.436063
0.41943
0.375746
0.370891
0.372951
0.394933
0.411735
0.416207
0.413207
0.402336
0.435434
0.417158
0.442012
0.397623
0.393296
0.470144
0.463847
0.44175
0.424299
0.454639
0.416906
0.39683
0.414662
0.436287
0.426197
0.424401
0.430493
0.418238
0.436125
0.388075
0.385642
0.38414
0.373478
0.370528
0.38482
0.390379
0.37432
0.377502
0.388996
0.429061
0.43587
0.38885
0.378169
0.373286
0.365924
0.378228
0.37258
0.383085
0.390961
0.390253
0.384505
0.384313
0.379106
0.393414
0.433039
0.451033
0.483048
0.465501
0.416014
0.470678
0.435101
0.413441
0.366645
0.352264
0.359573
0.403812
0.393334
0.399597
0.420012
0.434979
0.446771
0.461096
0.483395
0.416842
0.456768
0.441776
0.434075
0.428227
0.387521
0.405946
0.408021
0.504974
0.3991
0.414039
0.407485
0.403583
0.414445
0.426897
0.431934
0.437101
0.433205
0.412733
0.373928
0.369875
0.369823
0.362023
0.360895
0.361763
0.351646
0.351546
0.369197
0.389517
0.382743
0.39025
0.392339
0.40523
0.389946
0.403179
0.389913
0.405568
0.403775
0.416057
0.42642
0.413679
0.375767
0.391899
0.396912
0.406383
0.410556
0.427659
0.39821
0.402409
0.374896
0.392557
0.421632
0.382094
0.379867
0.400527
0.382931
0.387747
0.38116
0.376904
0.367874
0.356049
0.360443
0.378226
0.407769
0.407982
0.414011
0.416976
0.392514
0.384309
0.380422
0.3697
0.370736
0.371813
0.382631
0.397737
0.386078
0.371224
0.355287
0.359015
0.380405
0.380406
0.371443
0.383988
0.39445
0.398896
0.40757
0.408357
0.417121
0.403757
0.399538
0.382992
0.400447
0.401689
0.378384
0.37311
0.365829
0.369427
0.367853
0.387612
0.397729
0.405529
0.436548
0.379138
0.399163
0.375421
0.386945
0.375578
0.381376
0.384864
0.381374
0.381853
0.382256
0.394053
0.414417
0.420404
0.373975
0.411747
0.412566
0.383918
0.375487
0.365551
0.356236
0.364517
0.355158
0.341463
0.344246
0.352695
0.358674
0.370417
0.347419
0.336649
0.346335
0.347724
0.353133
0.351554
0.35556
0.356591
0.366974
0.37458
0.409688
0.392891
0.427444
0.411392
0.40335
0.40839
0.382335
0.379443
0.377399
0.363264
0.349941
0.339181
0.338578
0.348504
0.349853
0.35048
0.358047
0.352944
0.352077
0.348247
0.362163
0.380533
0.385803
0.416489
0.394188
0.386596
0.380493
0.377477
0.368238
0.352312
0.349144
0.359507
0.367931
0.352119
0.359102
0.35337
0.346294
0.358343
0.371405
0.383615
0.368683
0.379742
0.380913
0.378716
0.362275
0.365142
0.370896
0.381057
0.376372
0.382954
0.36759
0.350966
0.369133
0.397629
0.396971
0.415009
0.419362
0.389845
0.414152
0.417809
0.425003
0.409401
0.38187
0.39349
0.410661
0.42307
0.394638
0.380285
0.411503
0.413386
0.429362
0.444317
0.411692
0.404469
0.384924
0.399522
0.356636
0.353551
0.38382
0.386075
0.398677
0.427672
0.441857
0.446927
0.420189
0.417431
0.406491
0.404983
0.394181
0.447987
0.45458
0.419603
0.397342
0.37356
0.351848
0.341172
0.408141
0.381636
0.388519
0.359584
0.362661
0.360384
0.365921
0.370665
0.369372
0.365462
0.384319
0.370365
0.36163
0.382341
0.375483
0.379704
0.366872
0.372747
0.369625
0.372957
0.363385
0.379006
0.361474
0.35131
0.339229
0.339437
0.342092
0.343229
0.342229
0.35079
0.352505
0.347407
0.342064
0.344225
0.330299
0.334811
0.35004
0.346136
0.341857
0.351799
0.341065
0.34149
0.362432
0.364385
0.353609
0.363915
0.366271
0.385414
0.40574
0.384217
0.388998
0.380176
0.382788
0.407973
0.410877
0.394141
0.394342
0.380703
0.377024
0.388689
0.398521
0.408605
0.401821
0.369823
0.397761
0.383963
0.37705
0.373476
0.386189
0.376966
0.367129
0.384806
0.431188
0.452692
0.426199
0.42791
0.430975
0.412069
0.422351
0.407683
0.443599
0.421692
0.392997
0.464509
0.429003
0.380242
0.380369
0.421622
0.393216
0.386969
0.394934
0.415022
0.45198
0.462712
0.406384
0.386889
0.381678
0.38224
0.380405
0.391958
0.400167
0.446136
0.41658
0.432797
0.406735
0.394824
0.375884
0.379313
0.396249
0.415452
0.435193
0.410002
0.408666
0.463635
0.472923
0.464039
0.423593
0.393881
0.437273
0.442318
0.417962
0.421502
0.419675
0.411961
0.409768
0.389832
0.373861
0.366575
0.370901
0.371167
0.373706
0.375962
0.399332
0.421548
0.421569
0.461227
0.441369
0.427459
0.430597
0.51639
0.479181
0.458001
0.475839
0.425222
0.442676
0.532878
0.567391
0.53731
0.51899
0.56735
0.583762
0.541273
0.489067
0.551337
0.596294
0.547584
0.582306
0.567428
0.597943
0.508632
0.457721
0.414061
0.423813
0.424559
0.441031
0.395795
0.39113
0.390962
0.401639
0.410616
0.391788
0.404254
0.390351
0.366613
0.360272
0.397248
0.397722
0.405952
0.412718
0.41416
0.382993
0.384448
0.401973
0.395296
0.38824
0.396787
0.425022
0.425779
0.391231
0.4078
0.391921
0.386013
0.3789
0.376377
0.368163
0.379165
0.355437
0.349784
0.344798
0.351506
0.346774
0.343682
0.34976
0.366258
0.353208
0.358059
0.34085
0.341898
0.348349
0.354496
0.354011
0.369418
0.365453
0.37937
0.379917
0.382763
0.372754
0.404569
0.376287
0.392266
0.403232
0.410486
0.373531
0.379687
0.442756
0.398187
0.388441
0.407883
0.368848
0.377329
0.392539
0.381366
0.380628
0.375731
0.403189
0.430713
0.40855
0.417034
0.384476
0.385168
0.394865
0.378509
0.363764
0.375304
0.377455
0.376946
0.396137
0.385701
0.367681
0.359576
0.358192
0.353063
0.36333
0.39285
0.376232
0.363868
0.361649
0.356444
0.347504
0.344318
0.351225
0.360246
0.365104
0.364935
0.372111
0.387626
0.380915
0.401503
0.410804
0.393864
0.370442
0.366976
0.355957
0.353701
0.34942
0.358096
0.350864
0.351214
0.348026
0.345869
0.344191
0.343874
0.354835
0.353091
0.353764
0.361685
0.373121
0.389951
0.404994
0.416289
0.44013
0.473107
0.411357
0.427868
0.448429
0.450071
0.508792
0.425524
0.444327
0.416202
0.483274
0.447306
0.435396
0.428821
0.441696
0.487447
0.3985
0.436152
0.441039
0.455422
0.462862
0.449891
0.425649
0.408808
0.382112
0.39903
0.392999
0.40229
0.39652
0.393937
0.398233
0.408436
0.398065
0.401143
0.362633
0.391881
0.38125
0.39566
0.394702
0.40825
0.3809
0.400218
0.400634
0.414803
0.449439
0.424497
0.347709
0.385848
0.428216
0.385651
0.399222
0.402692
0.407975
0.385456
0.405254
0.385123
0.405284
0.434767
0.371769
0.383173
0.397079
0.384462
0.382668
0.397816
0.385519
0.381505
0.399569
0.410482
0.399954
0.435933
0.424814
0.411445
0.379922
0.405503
0.397458
0.413965
0.38211
0.373352
0.366299
0.38958
0.395128
0.414621
0.405799
0.398045
0.380056
0.35835
0.35231
0.346743
0.351449
0.361683
0.363713
0.377389
0.401174
0.403649
0.388744
0.388791
0.392011
0.393453
0.425628
0.414218
0.420064
0.384158
0.390626
0.406018
0.396628
0.404447
0.41656
0.381278
0.377144
0.39046
0.384396
0.39403
0.383397
0.377336
0.363823
0.361562
0.369413
0.379859
0.406527
0.432117
0.403895
0.376079
0.383099
0.387856
0.390465
0.410722
0.413627
0.390965
0.406615
0.426098
0.409071
0.40377
0.409756
0.412486
0.387934
0.397371
0.423243
0.402831
0.413148
0.4143
0.397955
0.421359
0.448338
0.448061
0.443308
0.437698
0.43771
0.42328
0.422499
0.474742
0.479241
0.446305
0.395929
0.398848
0.423423
0.445284
0.411921
0.410371
0.460422
0.439895
0.410814
0.421382
0.450825
0.515793
0.475934
0.46951
0.449876
0.4316
0.422787
0.441055
0.424728
0.435273
0.425259
0.456
0.399556
0.462706
0.435488
0.433914
0.412346
0.414326
0.433234
0.434675
0.42937
0.479258
0.45548
0.459325
0.464238
0.424567
0.422314
0.385167
0.38909
0.388072
0.402731
0.394915
0.377936
0.385453
0.394503
0.377286
0.361597
0.356892
0.353734
0.344262
0.339703
0.355908
0.354704
0.351454
0.36264
0.376544
0.367052
0.40423
0.430458
0.39692
0.386691
0.400246
0.390512
0.374604
0.393798
0.39272
0.413958
0.430836
0.450644
0.429959
0.411983
0.389089
0.41976
0.41277
0.414978
0.45329
0.410971
0.427056
0.429987
0.39612
0.369033
0.376824
0.387514
0.398583
0.40013
0.420303
0.41093
0.408465
0.408564
0.418684
0.454244
0.464463
0.470654
0.438707
0.514112
0.481476
0.437945
0.413927
0.401973
0.387971
0.377681
0.377028
0.408145
0.423688
0.415344
0.420521
0.414671
0.404604
0.390533
0.371778
0.366756
0.374294
0.377582
0.376364
0.403807
0.397296
0.404796
0.428581
0.447166
0.420179
0.430497
0.403737
0.429608
0.48554
0.500333
0.447828
0.457987
0.393916
0.412048
0.389693
0.471987
0.436132
0.394405
0.476343
0.496031
0.453741
0.461438
0.419696
0.460764
0.414127
0.383466
0.481284
0.450928
0.525087
0.450175
0.469956
0.454822
0.511881
0.546104
0.518227
0.523361
0.491959
0.501558
0.536723
0.531994
0.532874
0.47368
0.490716
0.537985
0.473203
0.519083
0.485998
0.503118
0.490286
0.454533
0.485736
0.471651
0.462565
0.488611
0.517701
0.563745
0.55166
0.5511
0.563311
0.551201
0.552375
0.519239
0.539726
0.521129
0.542045
0.556155
0.591417
0.597806
0.568953
0.608319
0.590476
0.528585
0.502108
0.482576
0.409458
0.476779
0.493196
0.448503
0.475076
0.477896
0.456612
0.398817
0.400036
0.394745
0.399157
0.446171
0.470948
0.438316
0.425863
0.420441
0.39737
0.372354
0.380387
0.404028
0.399751
0.468246
0.438613
0.451455
0.471615
0.428669
0.412033
0.413041
0.433424
0.441018
0.414738
0.437078
0.408004
0.397887
0.364933
0.358835
0.369606
0.35472
0.363544
0.371124
0.380126
0.39776
0.405977
0.413973
0.461963
0.408834
0.465124
0.433788
0.459144
0.448413
0.458057
0.433805
0.453531
0.436936
0.445606
0.431779
0.421614
0.431032
0.423976
0.444961
0.435054
0.403851
0.371005
0.380677
0.413686
0.411665
0.407104
0.388619
0.405361
0.403347
0.401987
0.395382
0.399958
0.408342
0.384771
0.372654
0.350029
0.360341
0.378255
0.375611
0.375712
0.382753
0.380052
0.401831
0.436841
0.421252
0.389142
0.385561
0.392726
0.419727
0.398811
0.41567
0.410616
0.397434
0.387042
0.40282
0.42072
0.410874
0.415187
0.39717
0.364544
0.392685
0.383777
0.397646
0.409164
0.405501
0.403464
0.401996
0.389673
0.398957
0.382698
0.384025
0.420557
0.423017
0.417242
0.421903
0.43192
0.43514
0.444918
0.420213
0.436553
0.455135
0.395146
0.401273
0.374359
0.413625
0.40746
0.423506
0.377115
0.373502
0.413378
0.414803
0.405866
0.416615
0.421414
0.38851
0.394603
0.434344
0.426963
0.426863
0.438346
0.409407
0.387751
0.37817
0.387226
0.392932
0.372091
0.381212
0.413841
0.409546
0.403241
0.403084
0.384168
0.395842
0.406542
0.450448
0.498215
0.49975
0.433269
0.437429
0.419881
0.452363
0.398019
0.466322
0.396017
0.431228
0.40546
0.425207
0.40801
0.428943
0.437783
0.41854
0.446744
0.431828
0.475112
0.426837
0.410192
0.418111
0.4197
0.460844
0.449473
0.452752
0.454897
0.441957
0.416777
0.412182
0.412253
0.40687
0.386927
0.414643
0.371897
0.36266
0.365715
0.367255
0.365618
0.361333
0.368918
0.37947
0.373525
0.355821
0.358614
0.351001
0.358641
0.354668
0.34128
0.342311
0.348564
0.345361
0.337032
0.343106
0.348378
0.343314
0.356586
0.344087
0.357962
0.349089
0.349541
0.365451
0.379047
0.380987
0.380281
0.387611
0.38273
0.376866
0.390852
0.410349
0.386101
0.382192
0.370435
0.392472
0.381219
0.367432
0.364668
0.393472
0.393914
0.379921
0.405703
0.417706
0.401259
0.382907
0.3965
0.40392
0.388046
0.365767
0.357286
0.351094
0.349065
0.35426
0.346936
0.36271
0.356304
0.355501
0.361266
0.361644
0.357424
0.369147
0.388878
0.398145
0.412892
0.430276
0.42275
0.438139
0.44117
0.486212
0.483511
0.4687
0.462557
0.497087
0.483123
0.4933
0.494666
0.506391
0.531698
0.495552
0.459148
0.40736
0.400098
0.398545
0.401067
0.410639
0.478868
0.443788
0.385664
0.36256
0.418869
0.43282
0.451123
0.438627
0.413154
0.431314
0.398272
0.384237
0.386464
0.420392
0.437444
0.466862
0.470924
0.457701
0.483562
0.455168
0.473973
0.533463
0.531599
0.430538
0.413971
0.447106
0.446501
0.467432
0.396713
0.362884
0.348165
0.365364
0.380948
0.369491
0.38034
0.370976
0.374945
0.371199
0.360262
0.371919
0.408248
0.440411
0.389386
0.420152
0.39167
0.393747
0.382268
0.408997
0.417413
0.491584
0.455
0.468159
0.435234
0.414698
0.398043
0.391974
0.380739
0.398399
0.365447
0.366647
0.386502
0.393276
0.404567
0.385433
0.382705
0.377571
0.371443
0.390138
0.405849
0.398144
0.396308
0.392306
0.39545
0.415274
0.416452
0.416241
0.406088
0.434294
0.438771
0.404416
0.409582
0.409239
0.391855
0.383069
0.383234
0.438217
0.43343
0.401141
0.384119
0.440012
0.427589
0.410994
0.492238
0.472322
0.479129
0.494541
0.422076
0.4716
0.391972
0.373598
0.385004
0.421597
0.426536
0.441267
0.423235
0.446374
0.491382
0.483113
0.505015
0.407049
0.472224
0.435506
0.46974
0.492779
0.483378
0.433237
0.431055
0.48027
0.520331
0.429686
0.413374
0.423254
0.42638
0.405871
0.394242
0.377743
0.384528
0.368961
0.369389
0.381958
0.40133
0.397895
0.377952
0.372927
0.368468
0.374065
0.36512
0.376852
0.37214
0.380884
0.387485
0.392637
0.416605
0.406308
0.438226
0.429727
0.425723
0.399699
0.402335
0.396638
0.395782
0.419845
0.427201
0.378832
0.444668
0.439442
0.439531
0.441817
0.399108
0.410392
0.46248
0.422602
0.399012
0.374612
0.344676
0.349052
0.391998
0.435313
0.386009
0.452242
0.414073
0.443979
0.427952
0.458955
0.408371
0.392949
0.396398
0.431856
0.458258
0.466285
0.5087
0.440537
0.413776
0.409144
0.419146
0.415003
0.423045
0.420701
0.445979
0.43176
0.435977
0.479919
0.448364
0.447859
0.408866
0.44221
0.463432
0.453718
0.483664
0.488893
0.534983
0.438677
0.491172
0.417912
0.424051
0.427962
0.436063
0.421644
0.436199
0.442017
0.43393
0.453912
0.405232
0.466489
0.454577
0.455747
0.429993
0.449568
0.416432
0.451519
0.459843
0.482725
0.453768
0.470515
0.46585
0.466802
0.491068
0.472679
0.494868
0.508632
0.559028
0.541673
0.561473
0.574914
0.572885
0.47501
0.496686
0.584969
0.586917
0.563143
0.577788
0.551907
0.549319
0.572391
0.542748
0.489955
0.564548
0.522075
0.467991
0.457021
0.441842
0.422755
0.401271
0.4013
0.372805
0.367211
0.395694
0.387042
0.385241
0.413081
0.460201
0.428743
0.372581
0.380837
0.427754
0.406943
0.437581
0.474929
0.393888
0.456948
0.439195
0.439443
0.427313
0.409174
0.374799
0.409769
0.441293
0.423196
0.419696
0.45391
0.458004
0.389553
0.452591
0.445787
0.419567
0.427382
0.415234
0.417711
0.39254
0.407997
0.410713
0.416155
0.388562
0.384465
0.422679
0.398837
0.417464
0.421078
0.353968
0.351313
0.385265
0.461452
0.417211
0.472038
0.486174
0.420188
0.41544
0.415998
0.46082
0.397929
0.417775
0.445655
0.44925
0.438306
0.414078
0.393742
0.416909
0.38885
0.380166
0.364424
0.363673
0.367126
0.364473
0.367348
0.358578
0.367083
0.362515
0.350884
0.356992
0.358033
0.356166
0.346583
0.35676
0.349243
0.348175
0.351359
0.360286
0.357981
0.366146
0.361745
0.371934
0.39211
0.392279
0.399444
0.395412
0.347889
0.377862
0.379482
0.356128
0.360687
0.362756
0.373826
0.378091
0.381219
0.393521
0.380508
0.368629
0.363082
0.358788
0.385948
0.430772
0.423521
0.429601
0.380641
0.399806
0.404311
0.424671
0.428788
0.435152
0.466294
0.428716
0.396638
0.402044
0.41623
0.422217
0.410201
0.440477
0.436056
0.39768
0.394614
0.367535
0.363034
0.349019
0.347232
0.351513
0.350182
0.351832
0.352409
0.352565
0.37168
0.362278
0.371856
0.375896
0.366315
0.366407
0.359165
0.367658
0.368306
0.374784
0.362091
0.360745
0.381129
0.377203
0.393492
0.404196
0.410083
0.382114
0.452533
0.44544
0.484581
0.485105
0.503923
0.460174
0.482109
0.476284
0.42969
0.48421
0.450105
0.44901
0.420098
0.507668
0.475929
0.438149
0.460504
0.395543
0.372971
0.380225
0.373255
0.359013
0.348518
0.381127
0.398984
0.382547
0.36963
0.376259
0.372984
0.367208
0.367703
0.359827
0.351401
0.358332
0.369695
0.375889
0.419431
0.49036
0.471887
0.423368
0.388294
0.37008
0.389
0.39046
0.423792
0.392959
0.42492
0.388126
0.387356
0.39317
0.431324
0.496169
0.495137
0.513202
0.540625
0.497179
0.445469
0.488382
0.501619
0.459077
0.394228
0.429369
0.466018
0.565792
0.558959
0.509993
0.54953
0.512852
0.50671
0.542604
0.503706
0.482315
0.515762
0.501643
0.489197
0.491132
0.52345
0.519256
0.468378
0.492327
0.514751
0.445993
0.49761
0.527236
0.518205
0.504932
0.5172
0.513618
0.484783
0.527853
0.512856
0.489924
0.486778
0.43745
0.461317
0.461376
0.500414
0.467339
0.411994
0.50941
0.425682
0.440181
0.410942
0.408943
0.444199
0.4119
0.462467
0.510019
0.472557
0.409605
0.468133
0.436794
0.47716
0.414599
0.501863
0.406789
0.403363
0.426651
0.451398
0.396843
0.437558
0.443572
0.441072
0.429238
0.401282
0.385973
0.380959
0.379017
0.366653
0.359759
0.362153
0.35698
0.356185
0.356255
0.360734
0.373602
0.394605
0.40563
0.399536
0.39193
0.38396
0.363836
0.3673
0.366071
0.365485
0.360059
0.367835
0.381899
0.405051
0.397025
0.391019
0.425326
0.416653
0.385243
0.388007
0.383221
0.367365
0.378863
0.377225
0.369445
0.350267
0.349467
0.356386
0.370679
0.385708
0.366265
0.356962
0.348991
0.350195
0.350034
0.357867
0.366545
0.378961
0.390737
0.389071
0.406053
0.409802
0.377937
0.410588
0.411959
0.411461
0.411553
0.398006
0.414699
0.408968
0.396614
0.386405
0.374628
0.40065
0.38372
0.375786
0.360762
0.363036
0.361408
0.353293
0.351988
0.351626
0.357033
0.361579
0.351483
0.338353
0.346087
0.351684
0.357336
0.355943
0.378997
0.39186
0.369964
0.38367
0.37327
0.379595
0.384866
0.402576
0.400134
0.391301
0.38288
0.348571
0.376964
0.383822
0.372988
0.361432
0.354648
0.352324
0.372956
0.352287
0.351637
0.355685
0.366746
0.386776
0.36152
0.355758
0.371667
0.378335
0.386467
0.425013
0.406602
0.388169
0.405357
0.374769
0.396033
0.377919
0.379902
0.383587
0.395453
0.407339
0.38341
0.399343
0.395594
0.43154
0.40734
0.423756
0.409632
0.42791
0.434528
0.420025
0.426962
0.456511
0.429871
0.446269
0.470262
0.389049
0.392479
0.415608
0.423562
0.392719
0.45648
0.41581
0.45094
0.471398
0.46846
0.407556
0.470341
0.503405
0.496094
0.473824
0.454936
0.426478
0.471912
0.511629
0.47704
0.480042
0.522112
0.484312
0.474823
0.434499
0.471241
0.433162
0.415333
0.433269
0.404497
0.385136
0.399239
0.408014
0.442558
0.435508
0.438805
0.463171
0.391266
0.374711
0.370639
0.394872
0.455623
0.427835
0.489343
0.417514
0.416616
0.4495
0.488173
0.484579
0.4454
0.420822
0.393819
0.380427
0.377781
0.384814
0.401854
0.434387
0.465581
0.364985
0.417762
0.424218
0.435147
0.451956
0.449119
0.435582
0.413433
0.430201
0.435041
0.440931
0.420274
0.42886
0.419402
0.404868
0.417445
0.432063
0.420525
0.429012
0.499842
0.437563
0.502745
0.458331
0.451528
0.505521
0.428994
0.463901
0.40981
0.381272
0.420377
0.437155
0.463654
0.471502
0.477594
0.478285
0.489365
0.52409
0.465231
0.447041
0.426258
0.446261
0.407983
0.419499
0.450027
0.424065
0.44128
0.440621
0.461152
0.499335
0.487849
0.511884
0.489236
0.406827
0.385472
0.450963
0.434553
0.455255
0.411899
0.429586
0.385047
0.45158
0.382189
0.378072
0.394465
0.367824
0.373672
0.365352
0.363137
0.405008
0.419613
0.431594
0.408836
0.425817
0.424426
0.442022
0.4333
0.413806
0.407542
0.398529
0.413141
0.38751
0.3923
0.385108
0.368814
0.373284
0.371992
0.389955
0.376441
0.369185
0.355753
0.356668
0.353288
0.352416
0.359351
0.354382
0.355775
0.358124
0.368541
0.389937
0.387395
0.407881
0.384605
0.374546
0.363513
0.359395
0.366849
0.355762
0.364143
0.37853
0.364504
0.384382
0.379352
0.366506
0.379804
0.379146
0.367058
0.35473
0.343316
0.359567
0.376618
0.38047
0.401795
0.381924
0.396335
0.383605
0.397262
0.397939
0.391205
0.379648
0.393514
0.393603
0.395469
0.400717
0.401205
0.35937
0.350443
0.377686
0.375089
0.389957
0.37672
0.394558
0.386137
0.401867
0.391862
0.397302
0.476006
0.41934
0.414801
0.428027
0.433967
0.403688
0.409287
0.408556
0.393421
0.373511
0.357825
0.359415
0.383203
0.507665
0.382713
0.367435
0.413107
0.363215
0.360017
0.366393
0.378691
0.371693
0.362221
0.370924
0.363459
0.367641
0.366938
0.351413
0.364101
0.363188
0.380608
0.39496
0.397027
0.396944
0.403969
0.376062
0.36843
0.357168
0.376855
0.38222
0.361777
0.373606
0.363622
0.376808
0.397794
0.394911
0.370598
0.385261
0.397131
0.387409
0.380266
0.386652
0.411415
0.396485
0.500229
0.450542
0.397302
0.414547
0.489661
0.490036
0.458138
0.471974
0.492247
0.464162
0.423941
0.418936
0.41719
0.450206
0.45247
0.411851
0.486912
0.527407
0.475819
0.483228
0.493005
0.493201
0.490403
0.448847
0.459493
0.485006
0.466348
0.432118
0.390708
0.357657
0.372012
0.465888
0.469594
0.490236
0.457034
0.45087
0.463001
0.497397
0.487974
0.475167
0.403554
0.391033
0.384753
0.372669
0.371612
0.359823
0.366255
0.35992
0.346886
0.348494
0.349646
0.342808
0.350344
0.361904
0.369433
0.363483
0.373358
0.366671
0.396368
0.416963
0.381452
0.376857
0.371751
0.396813
0.398792
0.407527
0.435789
0.408438
0.373178
0.380915
0.399987
0.391766
0.401138
0.395613
0.382148
0.38264
0.378355
0.403398
0.403014
0.391587
0.391837
0.407945
0.405284
0.410848
0.399389
0.394001
0.398122
0.395109
0.365697
0.398974
0.378483
0.370993
0.366041
0.380517
0.382332
0.385698
0.370446
0.34516
0.371111
0.353067
0.352778
0.35086
0.342677
0.34591
0.360415
0.353228
0.346418
0.348505
0.359126
0.377207
0.403212
0.402226
0.383089
0.396062
0.382707
0.38474
0.375424
0.358967
0.35496
0.354635
0.360491
0.350186
0.34054
0.356028
0.387921
0.379031
0.372231
0.375629
0.353501
0.358748
0.361369
0.348782
0.342809
0.351202
0.3593
0.360579
0.357588
0.383671
0.36567
0.369264
0.361465
0.360718
0.349083
0.344102
0.340064
0.345743
0.345819
0.339117
0.350066
0.35444
0.350037
0.346937
0.345352
0.340176
0.344029
0.352909
0.35875
0.357763
0.353283
0.367883
0.363631
0.36467
0.37942
0.397397
0.38448
0.375082
0.368252
0.354782
0.34857
0.358652
0.346063
0.361623
0.365502
0.375339
0.388877
0.397278
0.397387
0.391547
0.413083
0.417976
0.405691
0.415541
0.43985
0.391771
0.426338
0.41871
0.40263
0.419476
0.4096
0.414465
0.431826
0.396218
0.379919
0.379803
0.392933
0.376881
0.387622
0.389663
0.39817
0.425693
0.408412
0.391172
0.370284
0.363548
0.365958
0.387164
0.414507
0.396332
0.39901
0.390278
0.39504
0.40319
0.412627
0.38294
0.376227
0.400124
0.404498
0.389464
0.38255
0.406222
0.43168
0.409471
0.437621
0.454588
0.399835
0.395565
0.421896
0.416288
0.415054
0.439368
0.411682
0.421514
0.400811
0.40249
0.45563
0.440802
0.422318
0.453201
0.459525
0.456085
0.469246
0.459502
0.449479
0.513015
0.47669
0.435287
0.442473
0.455479
0.471511
0.487743
0.478192
0.465459
0.421777
0.442254
0.435605
0.435349
0.456155
0.512681
0.493071
0.475684
0.483977
0.436389
0.438171
0.461933
0.425133
0.421208
0.42719
0.430497
0.407848
0.387934
0.469262
0.463441
0.462788
0.472184
0.463477
0.442686
0.451986
0.412137
0.432459
0.423953
0.427671
0.444667
0.433165
0.436924
0.456659
0.50258
0.468444
0.454672
0.46719
0.471499
0.493369
0.515871
0.490895
0.457783
0.432253
0.473893
0.513926
0.459042
0.474543
0.4571
0.460337
0.531874
0.542976
0.50588
0.499049
0.460281
0.416845
0.421073
0.410872
0.404414
0.399406
0.407014
0.407846
0.417349
0.418475
0.409253
0.425767
0.44257
0.458261
0.458652
0.454083
0.418427
0.41865
0.438409
0.477113
0.45834
0.480744
0.46097
0.511155
0.513002
0.498271
0.520349
0.528881
0.586785
0.558546
0.491507
0.421556
0.40546
0.413823
0.431353
0.399228
0.424962
0.402626
0.444837
0.442889
0.405859
0.437072
0.43289
0.40176
0.417526
0.427146
0.395015
0.372588
0.388034
0.418602
0.396598
0.417108
0.408991
0.433799
0.448238
0.421124
0.419889
0.419568
0.415721
0.409812
0.413958
0.422272
0.388453
0.415213
0.44748
0.432495
0.442939
0.40783
0.4378
0.437095
0.395665
0.421281
0.409139
0.399766
0.410864
0.443383
0.408462
0.440005
0.421918
0.419529
0.445679
0.439639
0.401785
0.388205
0.396069
0.388052
0.399093
0.374351
0.413165
0.408334
0.391214
0.389904
0.379156
0.383279
0.393826
0.391677
0.373897
0.336616
0.354022
0.399536
0.404092
0.386128
0.390259
0.3976
0.393274
0.377282
0.366542
0.351734
0.357464
0.359124
0.360192
0.374156
0.383853
0.385775
0.39361
0.370451
0.400425
0.43066
0.425065
0.419559
0.398009
0.393258
0.419697
0.363882
0.393068
0.3866
0.406832
0.393156
0.40443
0.402159
0.376538
0.385594
0.409744
0.43288
0.407667
0.428529
0.407053
0.436761
0.424493
0.421261
0.380511
0.403614
0.403284
0.383792
0.37723
0.374523
0.394755
0.402091
0.402538
0.379962
0.406679
0.389488
0.394926
0.391798
0.425671
0.405706
0.398802
0.394407
0.40117
0.405559
0.431845
0.385177
0.422722
0.431311
0.406516
0.403746
0.425546
0.420505
0.393739
0.369775
0.35211
0.358911
0.357256
0.350976
0.364527
0.354571
0.333224
0.350272
0.337363
0.344514
0.338561
0.337645
0.337995
0.362429
0.335362
0.3419
0.346984
0.342288
0.348949
0.359012
0.356305
0.370835
0.392308
0.386765
0.352707
0.372327
0.38146
0.384206
0.368169
0.361422
0.350568
0.350573
0.33944
0.351714
0.340759
0.334389
0.335346
0.340035
0.34534
0.351935
0.34567
0.343659
0.334823
0.34582
0.341057
0.345615
0.342373
0.341026
0.349011
0.360947
0.347678
0.346617
0.344312
0.352188
0.347963
0.347948
0.349903
0.34712
0.339958
0.330665
0.332979
0.334264
0.352364
0.342671
0.339608
0.347159
0.341911
0.339117
0.346055
0.348609
0.334587
0.348286
0.363985
0.363759
0.372217
0.368885
0.401481
0.39095
0.395207
0.376443
0.378257
0.375505
0.371298
0.373561
0.377291
0.384743
0.391284
0.379619
0.361311
0.363373
0.38096
0.405333
0.361797
0.377475
0.380721
0.375007
0.362376
0.368899
0.389352
0.374247
0.380372
0.362824
0.374695
0.386729
0.389865
0.385375
0.360328
0.351498
0.350402
0.351785
0.341531
0.345031
0.34902
0.334466
0.341049
0.342606
0.340422
0.343633
0.351952
0.349626
0.34519
0.350261
0.341992
0.348723
0.352244
0.354702
0.34227
0.341637
0.342258
0.341731
0.351863
0.337179
0.342996
0.34259
0.343053
0.351374
0.347285
0.349706
0.330564
0.343358
0.344709
0.349339
0.346177
0.349695
0.359287
0.362936
0.363204
0.370945
0.372919
0.362879
0.354311
0.357205
0.35238
0.357704
0.363226
0.369829
0.367672
0.359478
0.366375
0.380242
0.406153
0.400278
0.401904
0.435807
0.423754
0.39507
0.378137
0.380306
0.380789
0.38032
0.394682
0.405383
0.396456
0.409281
0.429725
0.436026
0.464496
0.434247
0.425899
0.432156
0.429933
0.433895
0.437096
0.388747
0.442657
0.414664
0.400248
0.373971
0.363809
0.367826
0.374341
0.378088
0.388242
0.399236
0.390369
0.373906
0.362976
0.353895
0.355566
0.360682
0.362229
0.357495
0.354077
0.361909
0.363685
0.384478
0.388782
0.406147
0.402768
0.397165
0.382388
0.372817
0.372595
0.372538
0.371843
0.38096
0.383071
0.376564
0.403388
0.405433
0.428613
0.417931
0.447576
0.480514
0.46185
0.438244
0.451429
0.480651
0.479295
0.484481
0.46226
0.458622
0.512673
0.523824
0.499431
0.516608
0.54947
0.47292
0.401549
0.417961
0.415084
0.384925
0.360165
0.396274
0.435496
0.437328
0.45207
0.421262
0.429286
0.386825
0.372889
0.393492
0.441527
0.461886
0.479572
0.466069
0.471724
0.407608
0.48899
0.500244
0.409396
0.393023
0.391342
0.381463
0.374379
0.36923
0.36738
0.361379
0.348827
0.351912
0.347194
0.346074
0.338742
0.345487
0.357094
0.354397
0.363532
0.353125
0.356023
0.360744
0.366491
0.374054
0.379386
0.379431
0.37362
0.401969
0.407651
0.39295
0.383438
0.400728
0.395984
0.382952
0.373305
0.380364
0.373455
0.383594
0.402576
0.422288
0.410301
0.447565
0.409416
0.415085
0.43723
0.375016
0.381921
0.392544
0.382965
0.417919
0.384218
0.386036
0.35623
0.382286
0.3758
0.377464
0.370533
0.377987
0.384258
0.403434
0.384687
0.375872
0.368917
0.35322
0.348036
0.343766
0.340096
0.346845
0.352111
0.349601
0.337109
0.357488
0.340928
0.341698
0.344504
0.341266
0.34734
0.348598
0.348415
0.355054
0.374255
0.388604
0.379406
0.382503
0.370485
0.370001
0.347941
0.343603
0.354748
0.336534
0.345151
0.356921
0.366239
0.353666
0.348901
0.35623
0.355882
0.355211
0.385329
0.400466
0.419087
0.4342
0.408038
0.396305
0.392203
0.423177
0.392681
0.405676
0.404728
0.409478
0.406417
0.383574
0.384889
0.395622
0.402532
0.390354
0.378454
0.396409
0.409737
0.408807
0.436197
0.416348
0.408193
0.405287
0.405362
0.408005
0.398006
0.395638
0.421833
0.392118
0.379114
0.394571
0.3923
0.405203
0.392468
0.396555
0.401637
0.395664
0.394528
0.394226
0.38716
0.374604
0.370864
0.410179
0.367331
0.411572
0.422929
0.409883
0.39687
0.388069
0.370984
0.371626
0.362388
0.392645
0.404759
0.422616
0.404186
0.416612
0.422098
0.476782
0.447289
0.449862
0.397386
0.39216
0.428341
0.412314
0.378636
0.363175
0.355524
0.387951
0.465481
0.424277
0.372132
0.395203
0.439571
0.469068
0.465309
0.447021
0.449145
0.443843
0.445879
0.411825
0.402036
0.441494
0.385385
0.425482
0.386564
0.416529
0.404763
0.412535
0.457613
0.46041
0.443146
0.431822
0.44939
0.459343
0.422231
0.483753
0.484497
0.441187
0.437972
0.464988
0.441445
0.398963
0.439309
0.466987
0.461226
0.488776
0.48829
0.460688
0.430655
0.461171
0.440179
0.417605
0.404296
0.380906
0.380279
0.387021
0.385619
0.3789
0.37367
0.380517
0.361036
0.376604
0.395968
0.409919
0.400737
0.385744
0.362963
0.358663
0.356359
0.356719
0.355958
0.34175
0.346631
0.362446
0.3595
0.364009
0.356001
0.36031
0.368155
0.384752
0.37574
0.364864
0.357471
0.351707
0.362851
0.371042
0.375933
0.380065
0.406947
0.389734
0.425338
0.397422
0.376143
0.433801
0.444025
0.441009
0.416434
0.425308
0.439222
0.485818
0.436406
0.423381
0.503977
0.411088
0.405912
0.411179
0.46931
0.489874
0.460854
0.511106
0.402745
0.395349
0.501916
0.459487
0.419774
0.477524
0.470423
0.42846
0.479072
0.46748
0.44954
0.463481
0.423066
0.440741
0.417159
0.440935
0.419768
0.41554
0.422109
0.412713
0.407951
0.411109
0.448754
0.477995
0.46029
0.538833
0.447639
0.486898
0.486811
0.5371
0.455043
0.489903
0.450014
0.480785
0.457071
0.47305
0.481167
0.479496
0.484849
0.512448
0.462239
0.500173
0.460852
0.55997
0.509574
0.580383
0.549191
0.576225
0.575494
0.563629
0.483009
0.406903
0.411846
0.417245
0.404783
0.460533
0.423946
0.391362
0.438904
0.39569
0.382026
0.433721
0.466023
0.423939
0.444152
0.427822
0.408149
0.393109
0.385795
0.387775
0.400404
0.417239
0.437138
0.392841
0.460583
0.427957
0.41232
0.398178
0.414058
0.420583
0.40652
0.400898
0.433012
0.446036
0.43961
0.423035
0.432531
0.487684
0.424628
0.43576
0.411773
0.427187
0.439684
0.415473
0.425206
0.433385
0.490128
0.441652
0.419522
0.418326
0.439241
0.414544
0.396679
0.401594
0.408415
0.412677
0.415054
0.410564
0.421127
0.415346
0.393015
0.398742
0.364441
0.367214
0.367749
0.362338
0.36171
0.377015
0.380546
0.379544
0.368574
0.363492
0.385296
0.387856
0.379728
0.417336
0.388007
0.38904
0.409055
0.394575
0.419923
0.479614
0.492223
0.456025
0.477484
0.442222
0.487216
0.444176
0.502597
0.420913
0.432666
0.4224
0.40375
0.441145
0.44363
0.450881
0.414518
0.409104
0.411462
0.42401
0.449375
0.4346
0.429835
0.416695
0.380599
0.378535
0.364481
0.356173
0.36112
0.382373
0.389202
0.404485
0.386581
0.398835
0.387313
0.387958
0.381409
0.370239
0.371244
0.379374
0.398718
0.409572
0.397118
0.404914
0.428375
0.418761
0.394572
0.419882
0.446967
0.403698
0.400917
0.403863
0.388767
0.389663
0.370226
0.377287
0.358193
0.356104
0.371273
0.385396
0.405693
0.411448
0.405484
0.392546
0.369705
0.37218
0.375988
0.3714
0.415529
0.439055
0.407341
0.395036
0.417052
0.42452
0.397931
0.407581
0.432739
0.420543
0.409272
0.404082
0.413465
0.397156
0.424229
0.41703
0.401335
0.402582
0.387896
0.386349
0.442001
0.426629
0.444985
0.438699
0.439124
0.406166
0.430213
0.451272
0.412111
0.436632
0.495462
0.458623
0.478006
0.407534
0.439921
0.490375
0.443548
0.48077
0.474009
0.457732
0.391853
0.389647
0.452019
0.410625
0.464289
0.477103
0.424589
0.419277
0.455798
0.46085
0.472053
0.496065
0.473453
0.413342
0.392594
0.429226
0.419077
0.432437
0.370873
0.456288
0.405511
0.445699
0.415914
0.410355
0.423829
0.482683
0.495933
0.517031
0.496003
0.498299
0.48271
0.5045
0.453498
0.494138
0.403023
0.455807
0.380297
0.367725
0.450717
0.373411
0.488832
0.541462
0.48877
0.477366
0.43524
0.485668
0.477156
0.428312
0.415068
0.419864
0.428353
0.430543
0.447164
0.457623
0.430346
0.415321
0.383507
0.410561
0.419388
0.450661
0.469462
0.45534
0.449204
0.424337
0.423453
0.40994
0.391522
0.419265
0.450418
0.461692
0.436056
0.45729
0.394689
0.453648
0.425112
0.394772
0.388922
0.391966
0.37355
0.380541
0.39719
0.421734
0.454923
0.462658
0.461521
0.474695
0.448429
0.481764
0.451714
0.477982
0.499228
0.430926
0.442615
0.492284
0.429013
0.395725
0.41035
0.436855
0.435339
0.450819
0.445224
0.424637
0.464152
0.429124
0.396545
0.389058
0.386834
0.379475
0.401951
0.380871
0.382977
0.376512
0.373582
0.391315
0.406366
0.41891
0.389534
0.384838
0.370498
0.374684
0.384632
0.410861
0.425223
0.445232
0.437107
0.461487
0.399098
0.432999
0.391264
0.460703
0.455143
0.409963
0.462482
0.479836
0.467913
0.459518
0.414456
0.531592
0.554629
0.626483
0.587663
0.628742
0.589287
0.544561
0.549162
0.600759
0.51277
0.537311
0.550409
0.509691
0.465901
0.48873
0.468623
0.494984
0.534391
0.537091
0.502886
0.470026
0.453916
0.441802
0.436832
0.410874
0.414471
0.404657
0.41851
0.408801
0.425088
0.409863
0.395426
0.418048
0.433656
0.474724
0.475537
0.452553
0.424371
0.415663
0.422917
0.449397
0.443427
0.46723
0.480483
0.508951
0.499467
0.452738
0.467369
0.467231
0.474426
0.442828
0.431023
0.419031
0.416574
0.415435
0.409249
0.452276
0.429267
0.475357
0.476267
0.445197
0.458408
0.470375
0.487448
0.498556
0.438917
0.419136
0.432657
0.460098
0.430365
0.416207
0.423125
0.492556
0.443508
0.433498
0.457023
0.434593
0.448573
0.447111
0.433298
0.431354
0.412308
0.434628
0.430019
0.463253
0.442071
0.413161
0.48031
0.435058
0.425136
0.429196
0.449352
0.47575
0.447785
0.437184
0.438805
0.434764
0.430142
0.453948
0.437117
0.412483
0.410488
0.426644
0.404731
0.405128
0.432469
0.448479
0.477977
0.476865
0.488916
0.478174
0.480648
0.493128
0.501383
0.49702
0.502029
0.461341
0.509329
0.515331
0.483623
0.502951
0.506139
0.534423
0.480551
0.439964
0.403141
0.417537
0.413612
0.401474
0.440596
0.412966
0.432069
0.442338
0.404462
0.425888
0.403345
0.419042
0.3756
0.437728
0.455917
0.375843
0.38272
0.404895
0.444199
0.427376
0.439348
0.424232
0.431433
0.447217
0.49945
0.504968
0.433994
0.463475
0.496326
0.436044
0.450364
0.423323
0.404913
0.397031
0.390238
0.385009
0.406343
0.400684
0.409121
0.39152
0.406415
0.393683
0.435136
0.458303
0.418061
0.431412
0.446272
0.436885
0.424459
0.432918
0.426664
0.447977
0.459618
0.484167
0.481155
0.486425
0.524121
0.503547
0.443623
0.453813
0.446185
0.390047
0.381939
0.371409
0.36605
0.365897
0.381939
0.36153
0.358166
0.358703
0.360971
0.359911
0.36054
0.378958
0.366238
0.369548
0.362652
0.37026
0.35637
0.359203
0.363902
0.362567
0.371429
0.367111
0.378626
0.395979
0.395438
0.417906
0.433215
0.442494
0.491633
0.466027
0.481265
0.500002
0.496215
0.501976
0.522732
0.453324
0.492787
0.473581
0.433036
0.448102
0.446205
0.417241
0.464458
0.465899
0.485155
0.511069
0.424238
0.395062
0.455169
0.429061
0.451008
0.406621
0.370751
0.408807
0.46774
0.431128
0.420627
0.408401
0.392604
0.432807
0.443383
0.456514
0.455236
0.473235
0.459878
0.395801
0.362389
0.368144
0.362952
0.367392
0.389751
0.408591
0.412074
0.435738
0.429702
0.417982
0.430064
0.42563
0.433472
0.441097
0.425688
0.409861
0.408575
0.416323
0.426583
0.404951
0.469021
0.467726
0.507357
0.457961
0.412892
0.422381
0.423772
0.413375
0.41819
0.420312
0.435609
0.496609
0.48669
0.490224
0.473202
0.504542
0.547886
0.565122
0.544227
0.493656
0.473159
0.504313
0.475737
0.493942
0.486196
0.498632
0.544206
0.520759
0.531941
0.589493
0.601227
0.587257
0.541295
0.529232
0.538162
0.494662
0.533206
0.465674
0.502856
0.545705
0.497111
0.535243
0.500126
0.49634
0.481212
0.468553
0.513188
0.428951
0.412386
0.525901
0.520197
0.447609
0.482956
0.514077
0.526651
0.468455
0.43811
0.459198
0.446294
0.474026
0.488301
0.453841
0.449496
0.512817
0.529658
0.500305
0.498101
0.51546
0.447358
0.448634
0.468205
0.490743
0.427146
0.447078
0.473974
0.462731
0.392527
0.45638
0.42067
0.430875
0.434212
0.421982
0.402774
0.405395
0.395998
0.413729
0.442634
0.386279
0.403347
0.395148
0.399383
0.429686
0.403469
0.395213
0.410191
0.422623
0.446477
0.43969
0.417917
0.453676
0.447199
0.457719
0.506598
0.488681
0.520783
0.534339
0.507001
0.52242
0.429812
0.441279
0.529482
0.492611
0.460632
0.441752
0.427358
0.428577
0.461026
0.413471
0.471897
0.52858
0.410585
0.430826
0.387492
0.457806
0.488434
0.46067
0.396053
0.476281
0.501698
0.488785
0.508218
0.425332
0.457673
0.398438
0.407321
0.402363
0.472915
0.439365
0.391885
0.448001
0.468673
0.441243
0.448408
0.454196
0.398575
0.436564
0.455269
0.446281
0.438047
0.437332
0.426388
0.457535
0.490791
0.443287
0.443309
0.412174
0.433617
0.443005
0.460572
0.477369
0.498772
0.448391
0.40592
0.423756
0.445111
0.453539
0.524779
0.51238
0.471694
0.486894
0.456728
0.493695
0.495388
0.490354
0.483394
0.398735
0.401867
0.415316
0.494992
0.519473
0.512085
0.478848
0.483341
0.494699
0.464023
0.465078
0.487754
0.491624
0.522595
0.485311
0.462963
0.507416
0.51932
0.505208
0.459172
0.506067
0.426603
0.412716
0.403873
0.501105
0.427518
0.413795
0.452056
0.507798
0.436451
0.409838
0.486908
0.471068
0.472286
0.47627
0.460108
0.506375
0.52571
0.494532
0.505251
0.453253
0.421871
0.429995
0.417923
0.383116
0.381772
0.372908
0.367328
0.359404
0.347448
0.355153
0.36638
0.363176
0.370942
0.370676
0.37667
0.378945
0.409231
0.4102
0.397724
0.403057
0.393672
0.41865
0.443431
0.453997
0.445582
0.482141
0.471411
0.448162
0.476426
0.443125
0.40754
0.40343
0.443985
0.416099
0.41263
0.456564
0.40491
0.420813
0.383733
0.374635
0.465439
0.402355
0.37518
0.420044
0.422997
0.458561
0.429721
0.366758
0.427235
0.478697
0.488404
0.450354
0.425783
0.462502
0.43433
0.452371
0.467662
0.38851
0.37213
0.417748
0.432509
0.464113
0.46215
0.430105
0.446635
0.431229
0.441254
0.459148
0.426638
0.400616
0.367038
0.376856
0.39763
0.385873
0.37948
0.371305
0.368744
0.368804
0.372296
0.379184
0.371768
0.396357
0.433116
0.463592
0.473884
0.456057
0.461176
0.513467
0.503812
0.485002
0.500201
0.527203
0.48029
0.549168
0.499636
0.486034
0.545955
0.52132
0.49431
0.51798
0.491562
0.50678
0.485945
0.540138
0.490546
0.475699
0.518054
0.530868
0.47733
0.519872
0.558622
0.53836
0.551579
0.524103
0.511187
0.510295
0.482612
0.574029
0.579577
0.568216
0.579412
0.571562
0.565098
0.511709
0.528666
0.527512
0.41368
0.43451
0.421215
0.414508
0.366596
0.369746
0.351051
0.37051
0.38365
0.377735
0.395767
0.433048
0.408559
0.431088
0.411167
0.391902
0.369621
0.365839
0.383883
0.391497
0.388067
0.400709
0.402766
0.404785
0.391912
0.402356
0.403235
0.434832
0.434928
0.406554
0.394114
0.391636
0.440579
0.437417
0.438264
0.390287
0.41014
0.423968
0.426357
0.442942
0.430718
0.420029
0.403054
0.405801
0.399077
0.442733
0.461739
0.449336
0.423614
0.429154
0.423196
0.458242
0.462814
0.421732
0.408872
0.431455
0.373685
0.414286
0.373486
0.401881
0.421559
0.398753
0.444971
0.419939
0.396731
0.380823
0.446341
0.44799
0.441283
0.424595
0.413602
0.410656
0.41235
0.413757
0.38754
0.392022
0.388566
0.397998
0.386118
0.401306
0.416613
0.396115
0.379563
0.370081
0.376251
0.368621
0.376339
0.365888
0.355007
0.349177
0.348122
0.340943
0.347858
0.349137
0.343423
0.34843
0.363214
0.361811
0.371111
0.38803
0.399445
0.419799
0.398773
0.38863
0.384449
0.351182
0.354764
0.35433
0.365956
0.346409
0.365303
0.368685
0.384638
0.391241
0.402389
0.402975
0.418381
0.409031
0.429794
0.424118
0.394835
0.375389
0.52616
0.463523
0.404904
0.372597
0.374019
0.372131
0.368635
0.358643
0.367661
0.372168
0.368022
0.365744
0.353006
0.355953
0.35564
0.353868
0.367743
0.381422
0.374356
0.381498
0.383182
0.362785
0.354909
0.358562
0.371969
0.354392
0.357174
0.363712
0.37593
0.418292
0.411496
0.402492
0.428192
0.444374
0.421927
0.449059
0.465043
0.436051
0.416889
0.432526
0.440194
0.412606
0.477314
0.455059
0.471434
0.508902
0.423716
0.3863
0.450759
0.449442
0.433781
0.423205
0.450648
0.413789
0.420597
0.406739
0.400354
0.387703
0.374925
0.379062
0.379704
0.364066
0.365006
0.36307
0.366538
0.38493
0.391147
0.374652
0.377259
0.387922
0.386431
0.38007
0.384488
0.381739
0.398071
0.395554
0.363093
0.403331
0.427548
0.432253
0.431444
0.432074
0.42865
0.445519
0.436081
0.432219
0.418869
0.427342
0.430271
0.383177
0.362844
0.355913
0.354908
0.366112
0.380838
0.407326
0.419334
0.368976
0.405004
0.429389
0.394768
0.434027
0.416894
0.386096
0.388178
0.384191
0.369897
0.365845
0.347235
0.348165
0.340966
0.349002
0.350482
0.348187
0.342047
0.345467
0.336819
0.347925
0.359306
0.354546
0.344083
0.343047
0.364691
0.364157
0.344202
0.347298
0.360632
0.363082
0.389176
0.384156
0.403929
0.38217
0.371673
0.356667
0.347422
0.353838
0.345857
0.357935
0.371535
0.375999
0.367151
0.361722
0.361963
0.400876
0.41861
0.430853
0.443079
0.365782
0.435486
0.442119
0.408326
0.412626
0.400482
0.44331
0.449256
0.442217
0.468306
0.414398
0.412082
0.400513
0.422769
0.428709
0.488117
0.48271
0.423472
0.505581
0.521453
0.514463
0.458501
0.475485
0.601382
0.591604
0.601866
0.596906
0.577631
0.587567
0.576027
0.56857
0.530935
0.512215
0.553289
0.54587
0.579075
0.542868
0.550961
0.550091
0.538813
0.524787
0.55203
0.514122
0.516575
0.532167
0.492564
0.518416
0.48824
0.440533
0.476842
0.520497
0.520102
0.544097
0.517995
0.519134
0.471966
0.468377
0.429938
0.433087
0.467147
0.514057
0.524604
0.525584
0.522972
0.52141
0.520757
0.509083
0.435506
0.451163
0.430968
0.470663
0.53489
0.544063
0.485356
0.461415
0.53328
0.533411
0.518095
0.485357
0.433348
0.496495
0.509605
0.455932
0.453281
0.514168
0.506187
0.502277
0.505251
0.527797
0.531649
0.520031
0.530322
0.541872
0.54763
0.555697
0.531952
0.529041
0.527895
0.475795
0.414784
0.407204
0.40594
0.390853
0.413587
0.398579
0.423292
0.413368
0.40642
0.400407
0.428225
0.408287
0.416634
0.416244
0.413041
0.409991
0.417887
0.369935
0.394479
0.418127
0.423442
0.438481
0.413319
0.453048
0.452643
0.48678
0.497612
0.437225
0.477316
0.46687
0.449465
0.423624
0.445382
0.44448
0.430908
0.426869
0.439866
0.417553
0.464028
0.472497
0.510147
0.510031
0.501111
0.436945
0.451468
0.452847
0.42617
0.503664
0.493616
0.503535
0.536653
0.518003
0.478729
0.418822
0.411465
0.414575
0.451891
0.411395
0.43893
0.50821
0.528887
0.518934
0.515262
0.504394
0.513255
0.432872
0.475681
0.444987
0.511501
0.523073
0.475262
0.482115
0.491722
0.452078
0.527962
0.532555
0.502691
0.43447
0.429474
0.427204
0.489567
0.49789
0.397443
0.397672
0.430387
0.511464
0.529716
0.537395
0.51686
0.530179
0.480561
0.470653
0.494961
0.512381
0.495208
0.506706
0.516222
0.506316
0.468066
0.492999
0.536254
0.524462
0.542302
0.487656
0.544385
0.539224
0.487348
0.526584
0.537786
0.502952
0.496216
0.48754
0.45739
0.427519
0.43103
0.432832
0.455741
0.449673
0.446569
0.442037
0.466376
0.50558
0.515258
0.501878
0.45852
0.475131
0.54286
0.556793
0.506998
0.437687
0.495375
0.416219
0.437547
0.447741
0.445411
0.438723
0.450369
0.477336
0.477111
0.52459
0.419302
0.46362
0.48881
0.477969
0.449741
0.430848
0.440061
0.464341
0.454956
0.436653
0.483382
0.456951
0.474888
0.412662
0.525396
0.438787
0.459751
0.411786
0.456203
0.447527
0.423926
0.438017
0.436482
0.420798
0.383923
0.386295
0.396899
0.3691
0.364584
0.365369
0.377337
0.374376
0.377331
0.377181
0.396169
0.3941
0.393059
0.402778
0.378731
0.399242
0.397883
0.419303
0.398345
0.380556
0.376865
0.382208
0.399792
0.387105
0.38266
0.388258
0.389342
0.412
0.381478
0.394861
0.399359
0.36786
0.364189
0.373355
0.387602
0.376213
0.390934
0.388703
0.389621
0.413837
0.411357
0.403845
0.397652
0.399095
0.446625
0.481713
0.449793
0.415709
0.422385
0.426419
0.423667
0.420275
0.445022
0.440756
0.414045
0.438041
0.393679
0.434337
0.419478
0.400602
0.437356
0.404897
0.383065
0.409952
0.433732
0.422656
0.463191
0.44916
0.443849
0.446993
0.422934
0.441163
0.467685
0.47966
0.480601
0.470778
0.434336
0.423924
0.390403
0.425591
0.483987
0.482744
0.477631
0.467266
0.514853
0.482147
0.479489
0.480213
0.471455
0.464785
0.451344
0.435872
0.442102
0.467466
0.460515
0.459305
0.453229
0.448651
0.491975
0.507665
0.476154
0.455838
0.469551
0.4938
0.431028
0.46474
0.486252
0.440078
0.47331
0.459424
0.430427
0.398197
0.400738
0.385347
0.397291
0.431616
0.463413
0.439477
0.453602
0.413189
0.420338
0.437097
0.415309
0.40899
0.430235
0.432866
0.452202
0.469465
0.458641
0.465268
0.476017
0.465892
0.457822
0.405238
0.457814
0.41188
0.4915
0.495662
0.46785
0.450205
0.445251
0.460394
0.463858
0.449697
0.48672
0.471475
0.473547
0.501372
0.454392
0.445232
0.475251
0.457567
0.48443
0.510369
0.476063
0.48599
0.472011
0.453189
0.482158
0.467043
0.445108
0.429335
0.399719
0.400821
0.405242
0.420276
0.434091
0.442907
0.418247
0.403336
0.386575
0.395482
0.377459
0.371864
0.37657
0.387182
0.408939
0.434022
0.469133
0.473746
0.487479
0.496674
0.497532
0.484598
0.472627
0.431459
0.486179
0.462256
0.45238
0.471608
0.457576
0.423936
0.437722
0.437978
0.416853
0.433943
0.462949
0.492792
0.523718
0.54235
0.538588
0.592226
0.575454
0.546565
0.563934
0.603301
0.563179
0.559714
0.523231
0.394043
0.412055
0.362822
0.398165
0.395054
0.372176
0.391535
0.420791
0.396292
0.364439
0.365915
0.373298
0.385367
0.374809
0.374215
0.358263
0.35681
0.348236
0.356685
0.356476
0.380634
0.40946
0.399574
0.38204
0.359455
0.350587
0.35509
0.354358
0.345437
0.351643
0.343544
0.351792
0.345183
0.354763
0.35983
0.35382
0.340684
0.341543
0.350298
0.356455
0.344241
0.35083
0.352129
0.344222
0.340786
0.342528
0.369799
0.356714
0.343763
0.353131
0.350715
0.365659
0.364305
0.385596
0.402465
0.395613
0.393694
0.372038
0.382772
0.371788
0.359643
0.357197
0.364893
0.363377
0.365481
0.378745
0.387651
0.404425
0.398384
0.390817
0.375894
0.36782
0.369236
0.362334
0.377703
0.418333
0.439704
0.437817
0.445297
0.433809
0.458898
0.419242
0.421975
0.460273
0.44767
0.40577
0.440986
0.425519
0.443755
0.446482
0.434062
0.409627
0.404323
0.407451
0.428324
0.460793
0.459065
0.468835
0.444997
0.415133
0.398226
0.443939
0.424058
0.407732
0.420167
0.43459
0.452965
0.414692
0.429004
0.432724
0.437939
0.416065
0.392598
0.410866
0.418346
0.452749
0.474832
0.501605
0.490452
0.500991
0.491013
0.504333
0.492247
0.542413
0.485313
0.524258
0.517292
0.559232
0.510899
0.517775
0.518665
0.521557
0.533937
0.478013
0.544547
0.511338
0.445053
0.415903
0.409492
0.408538
0.425165
0.488335
0.450522
0.479362
0.482273
0.457865
0.499447
0.480354
0.476734
0.534536
0.547681
0.563803
0.500815
0.50882
0.482191
0.506527
0.472143
0.529946
0.480604
0.469766
0.447599
0.456699
0.472498
0.493276
0.509837
0.500819
0.508426
0.494767
0.474731
0.508605
0.452947
0.488687
0.483125
0.427551
0.454996
0.439001
0.446557
0.477372
0.455329
0.451323
0.458693
0.495863
0.459282
0.426169
0.380113
0.397801
0.452071
0.475463
0.49672
0.491398
0.440942
0.434201
0.520538
0.49673
0.468662
0.486631
0.46121
0.470228
0.459583
0.445727
0.442893
0.460978
0.454968
0.42076
0.443718
0.438615
0.434721
0.410823
0.402097
0.413433
0.442269
0.458364
0.514291
0.431927
0.41592
0.486901
0.503057
0.483469
0.506507
0.535794
0.544474
0.539192
0.532437
0.514006
0.46847
0.512098
0.494748
0.526715
0.537235
0.447746
0.451172
0.432353
0.444857
0.436899
0.451465
0.521058
0.500417
0.49199
0.49045
0.518647
0.516091
0.497633
0.513977
0.536765
0.459637
0.480615
0.504506
0.520117
0.507733
0.522531
0.489127
0.479966
0.480135
0.492613
0.532208
0.5285
0.546006
0.481134
0.512798
0.47614
0.451372
0.437929
0.4631
0.5011
0.562532
0.485766
0.508966
0.488582
0.522479
0.545981
0.555639
0.56286
0.512737
0.510566
0.460936
0.500993
0.46206
0.457583
0.432264
0.416254
0.420996
0.459072
0.400565
0.380354
0.375165
0.377093
0.366215
0.377123
0.380918
0.380176
0.386078
0.397722
0.394112
0.40374
0.423116
0.402948
0.390067
0.387578
0.395369
0.38131
0.391933
0.400584
0.396497
0.444888
0.451651
0.470039
0.459324
0.399177
0.394486
0.38499
0.39585
0.389685
0.397809
0.384813
0.387548
0.390462
0.403508
0.421153
0.403998
0.410762
0.413814
0.406971
0.38227
0.372444
0.382413
0.378952
0.397248
0.388507
0.407827
0.393592
0.393926
0.413745
0.436767
0.409776
0.409205
0.427835
0.425977
0.409636
0.421022
0.410755
0.437589
0.430064
0.428024
0.429696
0.42595
0.419041
0.39761
0.386267
0.381175
0.369435
0.359835
0.376241
0.406867
0.403773
0.385945
0.373894
0.365961
0.379845
0.401037
0.428603
0.43335
0.421089
0.422338
0.405363
0.406079
0.390749
0.377666
0.366004
0.359522
0.379142
0.361504
0.355813
0.359634
0.362009
0.365651
0.372304
0.361153
0.361145
0.375531
0.356895
0.354948
0.367962
0.360461
0.36372
0.37646
0.391421
0.396638
0.401149
0.396742
0.389989
0.367775
0.363237
0.361129
0.345274
0.355938
0.368811
0.359724
0.352597
0.357331
0.359737
0.357092
0.363482
0.362318
0.366573
0.371109
0.371051
0.36473
0.361331
0.353219
0.361533
0.38884
0.377326
0.391368
0.39205
0.383121
0.393063
0.392628
0.392325
0.405349
0.420796
0.449352
0.46512
0.490108
0.506892
0.4622
0.412488
0.425743
0.41847
0.44125
0.390872
0.385996
0.393118
0.387309
0.384393
0.371266
0.377356
0.39232
0.401013
0.396341
0.399028
0.422892
0.424009
0.387574
0.39279
0.38331
0.406674
0.379308
0.40514
0.426541
0.411974
0.437584
0.463996
0.454461
0.4062
0.441083
0.446839
0.479796
0.491967
0.509908
0.457629
0.412658
0.399903
0.410641
0.396356
0.395523
0.402368
0.399214
0.399551
0.38322
0.412812
0.417121
0.420552
0.436628
0.453989
0.464146
0.450357
0.40774
0.430783
0.410709
0.44651
0.409374
0.408394
0.390132
0.3991
0.396304
0.383355
0.389762
0.384986
0.41622
0.387655
0.378164
0.37964
0.392256
0.450311
0.374305
0.371013
0.385222
0.386121
0.387248
0.40511
0.404166
0.393
0.384974
0.388758
0.374158
0.419582
0.42929
0.396975
0.378551
0.38408
0.379303
0.382533
0.367883
0.37976
0.389916
0.382315
0.405296
0.4242
0.486633
0.469035
0.458241
0.414787
0.380264
0.432644
0.432499
0.392048
0.40065
0.47363
0.440129
0.459368
0.432606
0.455955
0.409475
0.400364
0.42011
0.387716
0.378305
0.390219
0.404475
0.404763
0.426045
0.39084
0.377731
0.394354
0.389785
0.39476
0.388374
0.379047
0.383948
0.385755
0.396052
0.4074
0.376085
0.399669
0.393823
0.372234
0.371573
0.367745
0.365557
0.367906
0.36335
0.373611
0.373278
0.374554
0.367589
0.374143
0.370495
0.351548
0.36865
0.361274
0.356987
0.35711
0.365157
0.365936
0.360544
0.365244
0.353656
0.35924
0.357294
0.357127
0.376079
0.372213
0.36171
0.369999
0.371171
0.372159
0.362241
0.355424
0.359843
0.353608
0.363364
0.362044
0.359477
0.361371
0.355435
0.358955
0.353772
0.354153
0.357996
0.357195
0.359828
0.352403
0.360831
0.367326
0.356383
0.368229
0.357983
0.36241
0.357231
0.363852
0.360598
0.364549
0.361701
0.368311
0.360534
0.35503
0.363348
0.354731
0.356764
0.357969
0.36431
0.362858
0.365264
0.378829
0.380446
0.354384
0.381455
0.378476
0.385136
0.365358
0.369917
0.367959
0.364688
0.356143
0.360039
0.351891
0.365988
0.373411
0.399029
0.401947
0.407025
0.424304
0.426329
0.401357
0.388933
0.395555
0.416803
0.399576
0.399351
0.40892
0.397715
0.420247
0.412072
0.418688
0.399188
0.381133
0.379384
0.381537
0.355654
0.374489
0.3776
0.375843
0.377836
0.368498
0.394024
0.392548
0.448887
0.436246
0.406946
0.396668
0.358327
0.364934
0.375113
0.394048
0.390911
0.410752
0.412773
0.396732
0.393137
0.394433
0.388981
0.390661
0.376994
0.401529
0.388842
0.384295
0.39612
0.395429
0.372413
0.368032
0.36553
0.380004
0.361688
0.358682
0.34656
0.375138
0.390965
0.396278
0.453552
0.366484
0.362655
0.368413
0.365867
0.370918
0.379524
0.383203
0.369646
0.400338
0.406079
0.418127
0.432215
0.42462
0.451464
0.462496
0.426868
0.410648
0.403501
0.425463
0.386666
0.372226
0.361561
0.359975
0.367576
0.366219
0.368528
0.375018
0.390491
0.390474
0.401948
0.418409
0.397028
0.383611
0.365154
0.363105
0.369812
0.364069
0.369574
0.356608
0.363062
0.354985
0.361324
0.359018
0.357397
0.354421
0.351786
0.353196
0.351658
0.379881
0.380431
0.392976
0.389096
0.422232
0.462333
0.487226
0.402147
0.402151
0.383894
0.401034
0.385572
0.398157
0.389662
0.390819
0.375053
0.405261
0.41066
0.414409
0.428914
0.396146
0.397008
0.40249
0.40211
0.418925
0.422115
0.418683
0.40957
0.419776
0.419366
0.408749
0.408667
0.408738
0.415722
0.38997
0.4148
0.392765
0.383993
0.383926
0.368628
0.392268
0.391623
0.390829
0.379002
0.397894
0.400401
0.391433
0.402037
0.391612
0.397077
0.377981
0.389774
0.376072
0.385876
0.378201
0.367445
0.36963
0.370268
0.372158
0.390139
0.359939
0.362095
0.357984
0.365251
0.371575
0.372714
0.377028
0.38578
0.384945
0.383372
0.368859
0.368171
0.358855
0.378566
0.367331
0.383019
0.387375
0.393921
0.383536
0.389352
0.397059
0.400937
0.454209
0.435675
0.420301
0.449394
0.423385
0.449127
0.412661
0.399862
0.435698
0.422707
0.38541
0.372294
0.436425
0.485288
0.451891
0.524958
0.555531
0.555352
0.486736
0.561684
0.452779
0.398827
0.383874
0.393874
0.396964
