0.427586
0.486402
0.610317
0.599182
0.563746
0.524122
0.569803
0.593212
0.593891
0.562875
0.57749
0.587543
0.581118
0.50032
0.47538
0.478469
0.507061
0.44201
0.43651
0.474366
0.484226
0.522908
0.558741
0.545873
0.486394
0.459114
0.454227
0.511042
0.492455
0.439908
0.460254
0.450782
0.40518
0.482327
0.503658
0.508295
0.503463
0.482499
0.429305
0.455351
0.532894
0.512507
0.458819
0.511455
0.524522
0.515518
0.484621
0.439846
0.463047
0.457604
0.460427
0.472435
0.441891
0.439188
0.423176
0.426029
0.457577
0.497531
0.492636
0.489765
0.477877
0.474003
0.546767
0.474214
0.47896
0.4986
0.501381
0.502312
0.526637
0.482902
0.498955
0.478133
0.50402
0.509433
0.461917
0.484847
0.485412
0.433485
0.481438
0.491454
0.47978
0.389712
0.457726
0.48402
0.48874
0.521952
0.497022
0.471304
0.522185
0.46848
0.438157
0.483261
0.480193
0.456627
0.483209
0.455674
0.448788
0.507119
0.46669
0.461543
0.495448
0.481514
0.486233
0.493071
0.462526
0.503275
0.476334
0.512418
0.467427
0.446976
0.461075
0.452144
0.469017
0.433168
0.488325
0.483389
0.474375
0.47622
0.480181
0.466756
0.508152
0.453677
0.46355
0.466022
0.523424
0.45085
0.486567
0.456533
0.470122
0.480655
0.477335
0.443228
0.450682
0.454308
0.443568
0.431508
0.468604
0.433836
0.416655
0.427716
0.439144
0.428295
0.493055
0.485821
0.490322
0.491218
0.458011
0.470493
0.482377
0.486363
0.462561
0.435427
0.444774
0.456265
0.419402
0.461188
0.480879
0.452837
0.427384
0.42186
0.483587
0.444562
0.432467
0.51556
0.477686
0.410175
0.413852
0.404271
0.443094
0.465043
0.468634
0.503428
0.443068
0.493953
0.458159
0.462045
0.493874
0.424057
0.428015
0.44354
0.41617
0.415916
0.474067
0.511615
0.416752
0.409401
0.4454
0.480919
0.484685
0.451282
0.399088
0.416102
0.426399
0.393443
0.378884
0.376164
0.364932
0.382715
0.435642
0.393334
0.37923
0.394849
0.436164
0.401549
0.397045
0.434322
0.421624
0.416227
0.435823
0.452037
0.485991
0.500799
0.446568
0.448467
0.505733
0.4938
0.477529
0.442001
0.422094
0.41141
0.397824
0.392332
0.404836
0.415301
0.39718
0.414914
0.410586
0.40009
0.400977
0.415815
0.41841
0.402042
0.426724
0.422898
0.403514
0.40634
0.383229
0.386457
0.374739
0.381236
0.399409
0.407862
0.388718
0.408016
0.40224
0.418954
0.45095
0.364785
0.386964
0.402626
0.399894
0.398902
0.41744
0.407337
0.406244
0.402039
0.404934
0.430809
0.400063
0.378843
0.369281
0.369312
0.393205
0.380871
0.366228
0.39053
0.40964
0.429027
0.405509
0.403636
0.395809
0.363604
0.384081
0.36798
0.368723
0.353259
0.357359
0.356324
0.391352
0.375377
0.381685
0.374744
0.359224
0.359632
0.351771
0.33632
0.352105
0.349767
0.352014
0.354097
0.344263
0.352412
0.359585
0.344704
0.366226
0.379444
0.367167
0.373506
0.37306
0.3843
0.376766
0.401188
0.377107
0.382085
0.391962
0.374636
0.391646
0.390433
0.385602
0.39529
0.373713
0.363087
0.358093
0.356108
0.356662
0.352648
0.35764
0.357704
0.345097
0.350197
0.353458
0.363598
0.37621
0.38133
0.349317
0.373981
0.366075
0.355134
0.368782
0.362598
0.374632
0.391838
0.36798
0.363427
0.386775
0.404039
0.408625
0.399134
0.394267
0.377376
0.361996
0.376085
0.386767
0.392702
0.373648
0.421478
0.392939
0.380486
0.376547
0.373543
0.376696
0.372984
0.394071
0.391334
0.39256
0.405305
0.39245
0.393152
0.374192
0.404974
0.38809
0.39245
0.404566
0.423217
0.40388
0.38065
0.401617
0.394358
0.396662
0.379415
0.409752
0.435677
0.436902
0.397645
0.403141
0.424444
0.413318
0.386205
0.3857
0.374289
0.363824
0.366757
0.382861
0.367672
0.37289
0.35921
0.349953
0.339164
0.354013
0.36351
0.362043
0.365277
0.377024
0.363954
0.377705
0.38467
0.37989
0.394646
0.386798
0.372496
0.369063
0.403037
0.372134
0.350164
0.353263
0.340403
0.35438
0.349168
0.336274
0.353096
0.352907
0.3493
0.347764
0.35685
0.352268
0.345225
0.346446
0.339181
0.339942
0.348543
0.348175
0.35202
0.359204
0.355538
0.3698
0.372717
0.386802
0.375712
0.402903
0.390403
0.408265
0.397782
0.438669
0.461507
0.461009
0.482884
0.469256
0.461053
0.464906
0.392909
0.377568
0.419966
0.406864
0.458233
0.443383
0.424802
0.417309
0.463649
0.431785
0.397502
0.372914
0.397934
0.45337
0.408481
0.402616
0.372508
0.405387
0.421036
0.431416
0.405214
0.406712
0.42584
0.447347
0.436927
0.424275
0.390255
0.428634
0.385399
0.376046
0.379287
0.368376
0.38881
0.408712
0.417153
0.431898
0.415507
0.403832
0.405028
0.399542
0.408204
0.412622
0.412053
0.412263
0.419616
0.402258
0.411613
0.459453
0.413317
0.427859
0.425171
0.407647
0.398603
0.427642
0.418937
0.4295
0.416595
0.421801
0.381902
0.430881
0.424614
0.409183
0.447672
0.427158
0.444287
0.437037
0.44613
0.47119
0.45963
0.445023
0.449469
0.414537
0.41298
0.414979
0.41219
0.403587
0.46123
0.492873
0.465013
0.437549
0.478688
0.458036
0.514495
0.527054
0.427304
0.451442
0.470988
0.509482
0.499315
0.507497
0.492327
0.452343
0.421611
0.392677
0.43151
0.427177
0.369984
0.37063
0.378723
0.406131
0.372997
0.403228
0.474573
0.463498
0.429507
0.421718
0.454472
0.476156
0.464516
0.41935
0.410698
0.419031
0.422458
0.399876
0.393229
0.376413
0.379039
0.374783
0.367421
0.37232
0.394878
0.416322
0.408239
0.421935
0.43106
0.411104
0.434299
0.414726
0.384417
0.388189
0.417222
0.404518
0.432
0.437927
0.386981
0.421078
0.406829
0.397839
0.399851
0.370075
0.379002
0.393606
0.363532
0.38104
0.376946
0.386824
0.371767
0.396749
0.404368
0.412841
0.379
0.366194
0.385285
0.392055
0.381442
0.391365
0.401852
0.395949
0.403031
0.379903
0.367329
0.388669
0.417142
0.424733
0.432804
0.448018
0.368773
0.382367
0.395885
0.402383
0.411586
0.414296
0.389482
0.410628
0.411053
0.370135
0.429766
0.374585
0.440178
0.40767
0.390512
0.423926
0.391388
0.432927
0.400897
0.387678
0.463808
0.443532
0.429896
0.420668
0.415634
0.430672
0.425149
0.404631
0.402188
0.439259
0.401172
0.403999
0.397502
0.403434
0.40698
0.387633
0.387504
0.386375
0.38494
0.363158
0.360192
0.367777
0.374633
0.365206
0.359999
0.352643
0.366173
0.35471
0.344731
0.341391
0.33943
0.34488
0.338697
0.340909
0.337878
0.340042
0.33938
0.328165
0.339983
0.339956
0.340811
0.343293
0.343883
0.347371
0.342277
0.347698
0.369709
0.37923
0.367931
0.374781
0.363742
0.356576
0.351688
0.348627
0.338514
0.341273
0.341742
0.336227
0.344116
0.345112
0.35425
0.334618
0.349054
0.357812
0.356082
0.364644
0.340372
0.388091
0.374438
0.357261
0.353568
0.353923
0.35684
0.36011
0.368623
0.399297
0.410316
0.414007
0.405712
0.45017
0.500922
0.511202
0.481564
0.460793
0.509537
0.417138
0.452558
0.443369
0.486111
0.475603
0.471438
0.423161
0.498032
0.472483
0.467661
0.47135
0.46563
0.493027
0.462553
0.450243
0.427768
0.46878
0.450952
0.43908
0.382009
0.388377
0.421643
0.452946
0.451722
0.410085
0.399975
0.398302
0.409166
0.443562
0.43658
0.376598
0.417786
0.420162
0.423498
0.401228
0.410079
0.448205
0.42046
0.402607
0.425167
0.455464
0.424703
0.412967
0.401077
0.418165
0.41637
0.409138
0.414995
0.40855
0.386071
0.372206
0.367352
0.372178
0.371599
0.35837
0.356695
0.367078
0.373627
0.396529
0.383464
0.366577
0.359233
0.382889
0.389212
0.394092
0.379471
0.363137
0.370244
0.388187
0.3942
0.39677
0.39796
0.38811
0.431916
0.384657
0.385387
0.378189
0.407806
0.40448
0.398932
0.420542
0.383162
0.434514
0.439344
0.469145
0.430336
0.426168
0.413055
0.445886
0.405726
0.372694
0.407465
0.413438
0.482375
0.453776
0.448465
0.484359
0.469119
0.360587
0.419438
0.432978
0.496291
0.518466
0.525889
0.477579
0.445397
0.447794
0.439282
0.426746
0.425998
0.465066
0.447204
0.438779
0.435067
0.450305
0.39605
0.422459
0.418974
0.414394
0.422218
0.414833
0.426047
0.396753
0.402513
0.404025
0.399276
0.433422
0.422152
0.449435
0.464981
0.407518
0.440066
0.400046
0.441385
0.427974
0.43334
0.416148
0.427924
0.394432
0.374169
0.377345
0.395504
0.381939
0.36807
0.355163
0.361003
0.37061
0.378439
0.385997
0.413337
0.392227
0.397041
0.405245
0.387401
0.397609
0.390585
0.390144
0.435792
0.400534
0.4043
0.397434
0.427401
0.374434
0.390315
0.372514
0.426159
0.443647
0.394508
0.436977
0.428762
0.449929
0.440174
0.436873
0.408573
0.391434
0.425329
0.428036
0.436005
0.434946
0.411321
0.384041
0.370167
0.373044
0.381154
0.438506
0.418011
0.4464
0.446136
0.451557
0.434172
0.455136
0.507441
0.474258
0.42696
0.404389
0.485621
0.452644
0.477966
0.480281
0.475469
0.429525
0.393813
0.378309
0.374473
0.389848
0.375887
0.409802
0.416659
0.412497
0.389385
0.395543
0.401001
0.438073
0.41228
0.394752
0.405779
0.418053
0.421551
0.464083
0.448566
0.403728
0.464524
0.443037
0.471908
0.449709
0.507362
0.513316
0.443559
0.476959
0.413965
0.445106
0.476069
0.432538
0.404385
0.394708
0.416593
0.380036
0.359476
0.352149
0.354658
0.349358
0.36382
0.381864
0.396143
0.406242
0.402114
0.381033
0.464811
0.454223
0.444114
0.40705
0.419271
0.380243
0.383926
0.370766
0.399585
0.412208
0.387237
0.390163
0.382619
0.387195
0.401738
0.398389
0.44594
0.417935
0.452594
0.481056
0.430203
0.425818
0.391538
0.387705
0.378147
0.363423
0.368137
0.372695
0.377675
0.413404
0.434996
0.491719
0.431829
0.440049
0.409417
0.401195
0.416516
0.463978
0.516139
0.412768
0.414662
0.448988
0.439529
0.490865
0.484779
0.487043
0.49142
0.446178
0.422226
0.375069
0.437991
0.479681
0.425859
0.447266
0.445426
0.42467
0.423072
0.42314
0.457426
0.387334
0.441785
0.462144
0.448232
0.393328
0.387869
0.405541
0.41449
0.378755
0.403487
0.413284
0.396479
0.40595
0.404065
0.384008
0.369266
0.374457
0.36561
0.347877
0.352295
0.359376
0.365579
0.376206
0.388963
0.399599
0.405458
0.39674
0.395542
0.399888
0.416715
0.406448
0.418143
0.429802
0.426297
0.397922
0.377774
0.412209
0.387725
0.388933
0.377474
0.357627
0.347829
0.349226
0.361883
0.377506
0.420495
0.454593
0.40176
0.433628
0.466968
0.506753
0.434695
0.385108
0.399991
0.422883
0.38327
0.379358
0.446723
0.44918
0.415673
0.397133
0.448871
0.437933
0.442495
0.417975
0.44653
0.476356
0.449725
0.461525
0.413689
0.400036
0.39501
0.409541
0.411986
0.388043
0.371853
0.366621
0.367022
0.352946
0.36181
0.360379
0.354507
0.362143
0.352847
0.344598
0.351688
0.348838
0.364421
0.367335
0.362297
0.361421
0.381184
0.394544
0.396808
0.401185
0.402029
0.427691
0.401029
0.406585
0.387337
0.397848
0.385803
0.399048
0.374212
0.363934
0.352974
0.361239
0.350853
0.35859
0.350249
0.355281
0.373943
0.368719
0.379279
0.38663
0.366746
0.376515
0.401833
0.412527
0.442495
0.432002
0.410668
0.399501
0.401852
0.430028
0.416046
0.430841
0.43813
0.388081
0.362447
0.377805
0.374624
0.387303
0.380202
0.404839
0.429534
0.415099
0.453326
0.431467
0.440729
0.423712
0.4064
0.400121
0.39137
0.384075
0.379691
0.371498
0.381635
0.396605
0.407276
0.390049
0.386489
0.410212
0.402986
0.426653
0.414369
0.422781
0.432082
0.448163
0.433045
0.442578
0.471986
0.421141
0.446062
0.474543
0.447926
0.421012
0.361461
0.375524
0.487891
0.472839
0.386851
0.430145
0.452598
0.453081
0.491335
0.428831
0.428464
0.392296
0.399349
0.391268
0.363658
0.365132
0.36051
0.360653
0.349285
0.3483
0.352151
0.351274
0.352825
0.339767
0.346981
0.362387
0.389258
0.392684
0.370928
0.375861
0.39591
0.401705
0.385363
0.372439
0.353905
0.35385
0.359673
0.358479
0.359205
0.348661
0.345714
0.351455
0.356856
0.358414
0.34893
0.364034
0.372904
0.398253
0.383271
0.414926
0.438099
0.474351
0.481367
0.480737
0.450624
0.438442
0.396996
0.423658
0.393785
0.448508
0.469855
0.39144
0.420455
0.434643
0.42505
0.401008
0.40181
0.408532
0.404859
0.415312
0.430688
0.433426
0.397201
0.455409
0.495249
0.398244
0.425941
0.46965
0.465735
0.467872
0.515301
0.427521
0.398232
0.433967
0.405342
0.422102
0.434896
0.433114
0.446288
0.385222
0.402328
0.435149
0.405496
0.420725
0.431959
0.443216
0.453239
0.446502
0.438465
0.431412
0.414338
0.422896
0.401701
0.397759
0.391857
0.373743
0.362958
0.353712
0.357662
0.358247
0.38594
0.405351
0.431725
0.416211
0.436716
0.432988
0.443791
0.43382
0.424284
0.414763
0.403682
0.384581
0.380854
0.380476
0.387602
0.381462
0.40894
0.415404
0.426694
0.463271
0.497456
0.441955
0.421136
0.439937
0.450733
0.410131
0.427761
0.434551
0.452097
0.446734
0.414966
0.422279
0.40581
0.444945
0.423752
0.467846
0.423921
0.429242
0.406228
0.389566
0.382749
0.378512
0.365657
0.36961
0.358129
0.34905
0.365569
0.368338
0.362951
0.358089
0.369057
0.371043
0.382178
0.409391
0.415035
0.414135
0.409097
0.440834
0.433218
0.466937
0.448535
0.426019
0.373944
0.460121
0.513055
0.501469
0.50944
0.477601
0.405437
0.438163
0.442354
0.416409
0.379936
0.376504
0.353426
0.348165
0.362544
0.365802
0.373202
0.388198
0.394105
0.38874
0.372054
0.358008
0.366211
0.375586
0.363009
0.385161
0.390123
0.463867
0.489035
0.431721
0.474069
0.456547
0.435627
0.487114
0.491069
0.437361
0.404907
0.414682
0.414342
0.453313
0.439522
0.468412
0.446669
0.475031
0.459105
0.418381
0.448542
0.410354
0.367347
0.417586
0.428846
0.399097
0.389604
0.388138
0.40035
0.408711
0.435933
0.417625
0.440574
0.409975
0.398781
0.389409
0.377322
0.415676
0.421428
0.427516
0.40247
0.384033
0.379374
0.373963
0.373033
0.376302
0.378474
0.369292
0.38152
0.385762
0.352463
0.36322
0.35996
0.358571
0.360291
0.34381
0.341792
0.346096
0.351474
0.352678
0.356874
0.345393
0.346206
0.357892
0.36171
0.370471
0.364601
0.353392
0.373427
0.386267
0.366097
0.381041
0.37965
0.366657
0.362649
0.359109
0.349099
0.361045
0.34492
0.354199
0.352342
0.366657
0.373908
0.378039
0.395707
0.364161
0.359868
0.367427
0.405596
0.410828
0.405266
0.400704
0.380401
0.373635
0.376695
0.380357
0.381952
0.387007
0.389548
0.396707
0.390935
0.401456
0.410116
0.404361
0.387282
0.385249
0.374629
0.37468
0.364923
0.360765
0.346963
0.356421
0.355709
0.34768
0.342205
0.343303
0.341834
0.355099
0.36202
0.401069
0.368033
0.356903
0.371085
0.377703
0.381364
0.409695
0.385432
0.380352
0.408766
0.427624
0.425165
0.359032
0.379082
0.389427
0.404822
0.388589
0.383837
0.388412
0.372114
0.37143
0.353542
0.366557
0.374314
0.357872
0.345666
0.358648
0.355083
0.360814
0.365432
0.360338
0.360307
0.365029
0.366121
0.370981
0.358155
0.356185
0.37792
0.358286
0.354583
0.350886
0.363575
0.358745
0.363792
0.369842
0.379501
0.396118
0.40288
0.392179
0.399571
0.380934
0.396904
0.393084
0.40803
0.362435
0.401473
0.405959
0.425654
0.399734
0.401938
0.401507
0.386703
0.419165
0.43168
0.417766
0.405076
0.405692
0.40152
0.411301
0.411823
0.405028
0.392361
0.404596
0.419182
0.375319
0.383563
0.392186
0.399478
0.412186
0.398344
0.400395
0.393294
0.393837
0.4036
0.380972
0.394587
0.385168
0.395698
0.3912
0.371554
0.380007
0.379998
0.365517
0.374724
0.365247
0.36093
0.363105
0.362609
0.356329
0.360344
0.367447
0.381235
0.366939
0.366212
0.369036
0.37837
0.376264
0.374861
0.367101
0.363769
0.351834
0.334545
0.340168
0.33833
0.343509
0.348523
0.339457
0.350997
0.349648
0.363682
0.368346
0.36786
0.376376
0.344842
0.356068
0.35495
0.364183
0.359998
0.348006
0.353149
0.348467
0.362071
0.380774
0.3692
0.378832
0.395452
0.391616
0.387269
0.391818
0.395538
0.399315
0.388623
0.359717
0.346173
0.353081
0.346014
0.332558
0.336152
0.347115
0.337259
0.347179
0.336104
0.338628
0.341728
0.354394
0.371523
0.394109
0.370635
0.382676
0.39136
0.38813
0.37706
0.400933
0.420332
0.403057
0.382188
0.37709
0.370315
0.357149
0.355281
0.375837
0.392588
0.390031
0.394027
0.397448
0.401339
0.409287
0.412263
0.42418
0.399584
0.387743
0.429716
0.4394
0.424128
0.404296
0.394503
0.387385
0.398833
0.416034
0.408096
0.403106
0.398193
0.37677
0.369685
0.368066
0.382788
0.430338
0.436679
0.425015
0.398639
0.383847
0.39705
0.412127
0.402187
0.420974
0.42171
0.422918
0.378445
0.367694
0.370023
0.363666
0.363626
0.363798
0.375629
0.371688
0.379222
0.359815
0.356832
0.355808
0.360915
0.351001
0.34484
0.344566
0.341757
0.365634
0.370519
0.356405
0.362255
0.362558
0.356149
0.352739
0.36824
0.375832
0.375601
0.398125
0.392782
0.39124
0.416965
0.423961
0.438271
0.468132
0.436615
0.406588
0.409263
0.445755
0.51796
0.467536
0.461593
0.452467
0.506084
0.48243
0.532168
0.45858
0.418511
0.403864
0.38825
0.376918
0.384626
0.378937
0.400934
0.383549
0.39046
0.400795
0.402126
0.408748
0.408168
0.392513
0.378833
0.411896
0.428951
0.409112
0.398636
0.409554
0.390437
0.369281
0.374287
0.374714
0.360965
0.36799
0.384061
0.405177
0.402097
0.400105
0.398489
0.425954
0.396178
0.374819
0.371949
0.377784
0.381757
0.396423
0.406935
0.404168
0.418018
0.415975
0.405606
0.439908
0.469847
0.434248
0.494194
0.487945
0.424787
0.451967
0.521772
0.423384
0.489921
0.473595
0.430421
0.43524
0.420803
0.431761
0.451142
0.441836
0.462381
0.445954
0.471591
0.470927
0.468118
0.463655
0.446508
0.459207
0.432565
0.440129
0.492319
0.450096
0.487265
0.494774
0.476704
0.453552
0.51738
0.498527
0.495339
0.499266
0.473131
0.510846
0.534562
0.570878
0.526003
0.469004
0.508753
0.547904
0.462558
0.378815
0.369689
0.354975
0.373017
0.364852
0.361959
0.365507
0.370809
0.375405
0.368538
0.381167
0.38894
0.405293
0.382345
0.396996
0.392951
0.392729
0.406777
0.428685
0.427256
0.432552
0.401474
0.391457
0.382916
0.371127
0.374211
0.364727
0.379773
0.366863
0.378267
0.394765
0.389405
0.395184
0.420074
0.4562
0.424541
0.457485
0.422429
0.478604
0.479827
0.469293
0.507565
0.467917
0.482713
0.454742
0.4336
0.445008
0.425799
0.407584
0.421067
0.460861
0.530968
0.522805
0.514308
0.503868
0.442414
0.45391
0.520915
0.463547
0.455245
0.429877
0.445759
0.384518
0.408681
0.432683
0.428897
0.398491
0.38829
0.398883
0.355217
0.38632
0.39209
0.374567
0.366581
0.374306
0.369641
0.363651
0.365722
0.379521
0.406017
0.38298
0.376611
0.365645
0.361939
0.367138
0.367553
0.371874
0.360032
0.353832
0.368538
0.374383
0.390105
0.381452
0.382128
0.426501
0.413659
0.394656
0.379068
0.374053
0.374268
0.3863
0.407596
0.378864
0.380843
0.384539
0.379717
0.382246
0.383578
0.381281
0.406726
0.403011
0.378145
0.363002
0.372258
0.381667
0.368179
0.368352
0.364232
0.361934
0.370872
0.370626
0.380109
0.386826
0.393186
0.401332
0.381618
0.425301
0.424914
0.434154
0.42156
0.44464
0.439568
0.39957
0.386588
0.383792
0.412867
0.393838
0.373065
0.370873
0.358918
0.35856
0.35816
0.369487
0.364061
0.3779
0.395813
0.422868
0.406421
0.404591
0.445186
0.438845
0.47701
0.430602
0.469718
0.410532
0.43569
0.441657
0.409406
0.386245
0.402652
0.41189
0.428498
0.414092
0.419799
0.403929
0.385048
0.389617
0.442651
0.436397
0.455817
0.45589
0.441775
0.420318
0.399063
0.430376
0.436447
0.399946
0.433914
0.432441
0.458364
0.437751
0.448686
0.431354
0.430523
0.428674
0.462969
0.487508
0.446893
0.47326
0.44419
0.454443
0.445871
0.470102
0.53589
0.454424
0.507541
0.476777
0.499295
0.505364
0.48717
0.566512
0.522723
0.387201
0.392695
0.437587
0.473603
0.446561
0.529359
0.533937
0.462944
0.462851
0.474239
0.439803
0.435242
0.445661
0.433442
0.414993
0.425455
0.426729
0.401587
0.419879
0.436876
0.401253
0.38606
0.406449
0.402843
0.425948
0.447029
0.386125
0.416732
0.423713
0.461891
0.446782
0.451191
0.383449
0.386946
0.403609
0.414624
0.398489
0.387253
0.380643
0.388857
0.382966
0.389421
0.402691
0.418281
0.397956
0.407742
0.400876
0.404833
0.392232
0.384898
0.388613
0.394784
0.405216
0.417642
0.414971
0.397975
0.394678
0.396348
0.400176
0.396847
0.418075
0.401629
0.441127
0.4103
0.379899
0.39004
0.390916
0.389791
0.37884
0.379482
0.385361
0.391732
0.398934
0.413027
0.405705
0.394733
0.382664
0.369156
0.369371
0.378642
0.400876
0.412207
0.417517
0.416114
0.44952
0.464407
0.43332
0.42869
0.420845
0.41959
0.414729
0.395503
0.378016
0.371206
0.372946
0.364031
0.365551
0.405398
0.466953
0.401085
0.350683
0.357026
0.363791
0.350624
0.359132
0.365645
0.348469
0.367592
0.362969
0.366802
0.367326
0.353097
0.355312
0.350731
0.344655
0.351332
0.345441
0.352699
0.341221
0.351315
0.353707
0.361963
0.355099
0.36633
0.365484
0.352033
0.358341
0.345771
0.329664
0.341616
0.343966
0.337233
0.341039
0.34309
0.344
0.361069
0.345166
0.335438
0.336369
0.346415
0.351189
0.347195
0.349314
0.357571
0.366699
0.3578
0.359633
0.35857
0.373141
0.365619
0.348549
0.353056
0.349279
0.346695
0.350008
0.364629
0.366247
0.373799
0.377796
0.365818
0.357566
0.348875
0.343711
0.336619
0.352305
0.341098
0.346917
0.351154
0.361161
0.351129
0.355198
0.351909
0.355788
0.380218
0.368402
0.370232
0.390231
0.381414
0.368757
0.37249
0.387462
0.387031
0.389849
0.403799
0.376528
0.374063
0.379077
0.389934
0.413634
0.390696
0.374218
0.360022
0.370505
0.349739
0.351818
0.346311
0.341637
0.343042
0.352269
0.353798
0.34948
0.358281
0.353064
0.360608
0.358149
0.370321
0.36809
0.361244
0.365542
0.374454
0.386491
0.380813
0.377589
0.406144
0.384274
0.375928
0.374181
0.382841
0.411735
0.385004
0.371652
0.35407
0.353876
0.358806
0.367629
0.367499
0.377555
0.38192
0.396662
0.396271
0.376756
0.384335
0.392227
0.39751
0.413635
0.395078
0.396608
0.40196
0.398705
0.368576
0.356796
0.347063
0.378766
0.383524
0.388001
0.372044
0.372925
0.372226
0.365693
0.374017
0.367342
0.369852
0.368557
0.357963
0.361137
0.387092
0.391241
0.394113
0.417107
0.422895
0.383703
0.405349
0.413302
0.40607
0.374716
0.365618
0.369397
0.408014
0.377842
0.407813
0.398591
0.408935
0.427905
0.454395
0.487325
0.445359
0.409818
0.429704
0.420885
0.429824
0.456312
0.445002
0.393221
0.428165
0.454862
0.456531
0.496775
0.462294
0.485454
0.50059
0.473269
0.504236
0.438061
0.444395
0.525031
0.474203
0.475711
0.478639
0.489986
0.475853
0.432272
0.44712
0.384932
0.38604
0.382518
0.386365
0.397585
0.391084
0.386081
0.39331
0.385299
0.378578
0.394181
0.39601
0.435215
0.418433
0.470228
0.411693
0.434654
0.448507
0.449524
0.433985
0.405434
0.416245
0.394977
0.41761
0.383606
0.410848
0.41463
0.39626
0.385164
0.401975
0.411453
0.414644
0.440784
0.411403
0.439502
0.438237
0.414761
0.422172
0.421468
0.420657
0.425458
0.404115
0.418859
0.440007
0.393244
0.438766
0.40807
0.392312
0.378994
0.377923
0.413308
0.411521
0.388841
0.390402
0.373462
0.366999
0.355859
0.347927
0.352797
0.344283
0.345824
0.351606
0.359297
0.372465
0.365047
0.347445
0.355476
0.367946
0.362048
0.36359
0.346201
0.358972
0.362057
0.373086
0.396359
0.390093
0.4112
0.383532
0.391881
0.395701
0.381466
0.423757
0.406377
0.380155
0.382007
0.368517
0.361842
0.360545
0.369884
0.3683
0.400628
0.385572
0.368045
0.369484
0.377605
0.374961
0.36406
0.364052
0.38092
0.38992
0.393248
0.405244
0.40604
0.403729
0.394295
0.378029
0.40412
0.387515
0.389148
0.384872
0.370811
0.353915
0.378538
0.408675
0.389807
0.378942
0.388464
0.407735
0.4336
0.379139
0.38446
0.380119
0.389354
0.379367
0.369099
0.36745
0.347117
0.350019
0.359362
0.34119
0.343117
0.343155
0.340422
0.352214
0.352456
0.352263
0.34388
0.342292
0.337819
0.34963
0.354117
0.347534
0.34101
0.347082
0.345534
0.358989
0.367356
0.362051
0.363025
0.36498
0.378145
0.35877
0.361074
0.358719
0.362845
0.373636
0.395055
0.411726
0.39709
0.422518
0.410048
0.393369
0.395434
0.39945
0.391126
0.399608
0.394712
0.40071
0.402366
0.369439
0.373594
0.358064
0.35228
0.355571
0.354389
0.361331
0.354802
0.357566
0.344987
0.353012
0.348753
0.362271
0.34937
0.366496
0.374738
0.388552
0.418839
0.414618
0.395636
0.369747
0.360697
0.3744
0.381863
0.388257
0.390377
0.399262
0.417089
0.377481
0.3747
0.374366
0.368255
0.384237
0.37497
0.364213
0.401381
0.392824
0.381024
0.378694
0.389149
0.398519
0.429946
0.438823
0.42816
0.454092
0.508383
0.490416
0.459503
0.398346
0.400377
0.425284
0.429208
0.428388
0.445584
0.428204
0.43562
0.4313
0.43219
0.39727
0.420353
0.419754
0.413126
0.378489
0.383736
0.400044
0.389814
0.370604
0.371925
0.383076
0.378712
0.372079
0.363227
0.369396
0.372173
0.36712
0.369973
0.364688
0.369749
0.377005
0.405638
0.391994
0.394441
0.382617
0.437842
0.458652
0.475198
0.445035
0.46208
0.490061
0.414832
0.453874
0.521527
0.468835
0.461365
0.452507
0.425693
0.427136
0.414485
0.489045
0.425826
0.427696
0.405228
0.416316
0.539309
0.572209
0.524844
0.560002
0.579514
0.505634
0.475046
0.511099
0.48918
0.475477
0.478047
0.54459
0.553826
0.477245
0.461524
0.44873
0.460773
0.454949
0.415555
0.446887
0.467175
0.49341
0.511758
0.515852
0.475247
0.492251
0.533558
0.529171
0.516493
0.504381
0.547127
0.517501
0.529406
0.471189
0.454938
0.454815
0.461694
0.474045
0.429692
0.416984
0.394676
0.396855
0.407368
0.389286
0.371039
0.366569
0.369245
0.371514
0.381688
0.40012
0.383629
0.40295
0.405391
0.393718
0.381048
0.383775
0.398206
0.386367
0.401546
0.398045
0.423657
0.415228
0.402218
0.400894
0.40651
0.398894
0.419182
0.442059
0.367362
0.384784
0.380698
0.376234
0.364009
0.362354
0.360366
0.364495
0.369051
0.365588
0.356946
0.383526
0.381614
0.377635
0.375374
0.371183
0.379944
0.380798
0.390302
0.386693
0.3796
0.366609
0.367315
0.379905
0.390875
0.407279
0.410842
0.423108
0.43599
0.413966
0.421766
0.448614
0.449556
0.425126
0.40559
0.37892
0.385173
0.406147
0.367015
0.35578
0.35422
0.354124
0.36093
0.351314
0.351023
0.341667
0.339754
0.348059
0.344985
0.352528
0.347596
0.366256
0.35063
0.360103
0.351653
0.33951
0.356294
0.352229
0.338661
0.343738
0.349249
0.34828
0.351125
0.346604
0.341713
0.349293
0.340014
0.343576
0.343973
0.349408
0.339374
0.35871
0.351668
0.36916
0.365619
0.367235
0.371457
0.387065
0.409811
0.418605
0.430446
0.420932
0.418229
0.418565
0.391899
0.396895
0.424082
0.41402
0.42905
0.437024
0.437003
0.427843
0.409136
0.416334
0.403571
0.41086
0.390169
0.423452
0.380661
0.377672
0.368401
0.361024
0.35215
0.354769
0.359003
0.354362
0.362549
0.361935
0.361135
0.348175
0.356771
0.35064
0.344857
0.355923
0.36347
0.364474
0.362314
0.373448
0.382385
0.377205
0.399375
0.394622
0.367912
0.406756
0.412533
0.42269
0.39747
0.400793
0.415476
0.422831
0.384993
0.392438
0.40964
0.400688
0.431367
0.415834
0.407988
0.398701
0.396726
0.39539
0.38891
0.386564
0.411711
0.395894
0.435608
0.433971
0.417537
0.390367
0.374477
0.359479
0.360906
0.359018
0.34486
0.339308
0.351462
0.34963
0.343077
0.345179
0.347763
0.351797
0.353251
0.356853
0.353343
0.34836
0.365273
0.348193
0.358393
0.35937
0.341888
0.351813
0.345363
0.346314
0.332483
0.345383
0.340788
0.350678
0.348536
0.350969
0.34143
0.336378
0.352268
0.347495
0.344788
0.345938
0.35748
0.366594
0.386621
0.365488
0.371396
0.369675
0.374047
0.3726
0.355772
0.351737
0.351703
0.35728
0.357869
0.342943
0.363744
0.384537
0.411054
0.392006
0.380155
0.3691
0.367849
0.365886
0.356944
0.368985
0.383496
0.374119
0.375621
0.377491
0.375025
0.369657
0.369054
0.368872
0.385117
0.396332
0.395651
0.395477
0.410453
0.398326
0.403335
0.413148
0.416478
0.410633
0.43002
0.405285
0.376099
0.391802
0.398827
0.404026
0.366559
0.363864
0.365254
0.361625
0.351219
0.375737
0.376161
0.35174
0.352448
0.378101
0.389467
0.386544
0.391994
0.390039
0.417279
0.427557
0.401065
0.421723
0.408903
0.395646
0.37525
0.379631
0.388039
0.388807
0.366603
0.376866
0.372256
0.366422
0.369993
0.362324
0.380988
0.365756
0.41411
0.395576
0.398459
0.387219
0.395408
0.409756
0.406085
0.387914
0.379206
0.389305
0.376065
0.364404
0.35879
0.356857
0.354227
0.351817
0.34481
0.355031
0.347923
0.357522
0.357031
0.359783
0.342176
0.339843
0.342473
0.347905
0.349341
0.370035
0.364274
0.383147
0.373229
0.380061
0.366003
0.38284
0.363018
0.367856
0.356854
0.349569
0.356412
0.349456
0.356045
0.359952
0.3573
0.352423
0.362884
0.371046
0.400306
0.401137
0.397767
0.383753
0.373578
0.397787
0.382504
0.377808
0.358833
0.362892
0.364009
0.363428
0.370288
0.365924
0.353748
0.389093
0.383246
0.390482
0.371292
0.371582
0.37012
0.352628
0.355805
0.345273
0.360042
0.361147
0.374603
0.367849
0.370982
0.365992
0.378446
0.351406
0.372967
0.354052
0.360617
0.368132
0.373973
0.39108
0.405924
0.405412
0.396813
0.390588
0.372269
0.385546
0.396636
0.393963
0.392926
0.411259
0.396206
0.363993
0.360508
0.352715
0.352682
0.352721
0.379714
0.395602
0.39855
0.399457
0.366438
0.374366
0.362792
0.36277
0.3672
0.361527
0.362667
0.353579
0.345512
0.341195
0.338308
0.340485
0.342876
0.344001
0.351012
0.338067
0.346523
0.340514
0.351422
0.361255
0.363799
0.384864
0.395649
0.386857
0.377483
0.394494
0.36711
0.365918
0.36685
0.35781
0.367247
0.377536
0.377454
0.377186
0.388418
0.381414
0.365707
0.362509
0.392439
0.391637
0.364585
0.401954
0.385884
0.364969
0.356937
0.36463
0.357293
0.358499
0.353821
0.344866
0.367083
0.344957
0.350561
0.347974
0.353328
0.358366
0.371747
0.374674
0.376604
0.389898
0.39427
0.405379
0.419125
0.378858
0.368657
0.372557
0.354396
0.360162
0.346392
0.348611
0.35096
0.338248
0.339834
0.348331
0.395461
0.338257
0.346522
0.346372
0.340573
0.349361
0.345078
0.347935
0.345164
0.351223
0.339345
0.342962
0.347385
0.345782
0.340292
0.347936
0.34159
0.332716
0.348078
0.342056
0.360979
0.348251
0.341333
0.362951
0.357284
0.360854
0.363966
0.378368
0.404597
0.419189
0.409027
0.414806
0.429812
0.406753
0.414999
0.379898
0.409207
0.380199
0.388251
0.365763
0.370688
0.366791
0.362456
0.364183
0.369824
0.374931
0.394967
0.378197
0.379865
0.378456
0.3695
0.375863
0.371223
0.371024
0.396604
0.389748
0.412744
0.396819
0.391085
0.383586
0.36895
0.37872
0.372032
0.394264
0.411965
0.410323
0.374214
0.377041
0.377908
0.376812
0.360413
0.356437
0.362945
0.388335
0.382899
0.354057
0.357658
0.416178
0.40741
0.401178
0.423298
0.428992
0.385452
0.398109
0.39592
0.441782
0.410382
0.42024
0.402102
0.400563
0.37346
0.383544
0.382469
0.374799
0.369058
0.373977
0.36868
0.363168
0.355075
0.360003
0.361541
0.36318
0.347045
0.355837
0.359444
0.36574
0.377001
0.381835
0.406998
0.391592
0.385898
0.387786
0.369913
0.363084
0.355037
0.350248
0.338799
0.344842
0.353909
0.337549
0.338057
0.335975
0.347466
0.356302
0.365278
0.379577
0.373879
0.368121
0.353788
0.351787
0.355229
0.385463
0.402963
0.419593
0.383779
0.379147
0.364487
0.350698
0.348694
0.354314
0.348203
0.347253
0.359708
0.352001
0.363197
0.362273
0.378829
0.398296
0.397964
0.409744
0.3875
0.376767
0.418644
0.396631
0.370199
0.363987
0.341795
0.34432
0.344596
0.363312
0.353111
0.352114
0.361728
0.363606
0.395359
0.390847
0.406884
0.382868
0.362997
0.363102
0.37166
0.35776
0.362455
0.351662
0.369806
0.35524
0.363332
0.365162
0.370187
0.370157
0.363672
0.370554
0.391948
0.36459
0.352158
0.354499
0.34503
0.349945
0.354934
0.350423
0.362568
0.360424
0.353371
0.352015
0.364175
0.367612
0.368684
0.378987
0.376678
0.389773
0.386297
0.400457
0.379702
0.404461
0.437026
0.400933
0.448424
0.428855
0.423267
0.437653
0.435465
0.433787
0.444139
0.416986
0.405994
0.40235
0.413579
0.421604
0.424553
0.410859
0.405371
0.38827
0.386929
0.383011
0.412746
0.431298
0.396303
0.376704
0.383832
0.390328
0.411441
0.42243
0.450916
0.485542
0.534469
0.539541
0.517215
0.588864
0.541837
0.500835
0.509573
0.457201
0.454524
0.459427
0.428164
0.449588
0.442746
0.450996
0.417189
0.412916
0.387647
0.391596
0.403559
0.411267
0.434894
0.421456
0.412881
0.426716
0.462177
0.457119
0.410965
0.405336
0.405264
0.408636
0.403736
0.389192
0.387762
0.379491
0.389682
0.397233
0.405432
0.400575
0.416813
0.437578
0.447479
0.454901
0.420599
0.41289
0.387054
0.377067
0.369607
0.355273
0.360163
0.349861
0.353234
0.362399
0.388971
0.392024
0.411528
0.425822
0.444184
0.429987
0.41846
0.381391
0.396585
0.390663
0.400523
0.391958
0.421062
0.43789
0.445643
0.426411
0.420023
0.373213
0.361697
0.364499
0.359416
0.3467
0.34581
0.356422
0.3433
0.352631
0.346439
0.352243
0.351962
0.352076
0.353314
0.353769
0.371401
0.349629
0.360163
0.34718
0.355103
0.350512
0.35901
0.354554
0.356064
0.348671
0.3498
0.359594
0.347856
0.347513
0.353307
0.346887
0.342407
0.354218
0.352893
0.359164
0.344311
0.340507
0.346756
0.342317
0.347221
0.343303
0.348382
0.348873
0.342308
0.355895
0.34759
0.34716
0.34194
0.348663
0.355261
0.352004
0.352026
0.369073
0.382997
0.399399
0.445008
0.450256
0.438826
0.425341
0.42399
0.387533
0.377957
0.400943
0.402979
0.40873
0.372188
0.395011
0.428426
0.401987
0.402891
0.385329
0.376287
0.408051
0.370768
0.404451
0.406729
0.356284
0.400834
0.404954
0.394935
0.415017
0.410231
0.417486
0.414213
0.378252
0.376575
0.386073
0.371319
0.360989
0.371234
0.381571
0.397693
0.392764
0.372535
0.376239
0.37518
0.371458
0.371107
0.387604
0.377233
0.436329
0.421875
0.399888
0.378713
0.375215
0.357766
0.361861
0.364435
0.362194
0.356804
0.346098
0.365341
0.363643
0.369821
0.379407
0.360917
0.375869
0.360873
0.351293
0.352758
0.349854
0.344189
0.356922
0.374838
0.378042
0.38812
0.38234
0.390271
0.384383
0.388838
0.419581
0.410758
0.40383
0.392328
0.400447
0.390227
0.423999
0.41771
0.419456
0.399628
0.408238
0.410146
0.398355
0.378697
0.376375
0.376725
0.385424
0.385742
0.386648
0.37246
0.368565
0.374117
0.369109
0.374865
0.389153
0.391428
0.365965
0.407031
0.406895
0.406705
0.407091
0.402323
0.388115
0.398598
0.375892
0.35819
0.358436
0.365365
0.379491
0.362497
0.392418
0.358478
0.391836
0.353834
0.373731
0.404371
0.37113
0.413666
0.394586
0.390659
0.394283
0.393511
0.374412
0.381802
0.404008
0.406051
0.392817
0.406162
0.42018
0.422382
0.413341
0.367838
0.393395
0.373359
0.383246
0.38714
0.406483
0.368705
0.407517
0.407986
0.414962
0.406295
0.410147
0.385542
0.406632
0.431912
0.400368
0.397619
0.4058
0.413892
0.414761
0.398512
0.386833
0.390641
0.38615
0.386714
0.401841
0.427412
0.403215
0.439321
0.409687
0.403993
0.384541
0.413614
0.365515
0.390014
0.431179
0.407962
0.418699
0.385924
0.393227
0.418844
0.441619
0.401497
0.395201
0.402354
0.41235
0.376828
0.369729
0.403885
0.377965
0.40068
0.381225
0.381743
0.352241
0.371298
0.372834
0.358924
0.356141
0.351471
0.350577
0.344034
0.338725
0.343178
0.346069
0.34131
0.35542
0.349336
0.360576
0.365029
0.377644
0.357902
0.353685
0.368649
0.371358
0.364245
0.38186
0.363932
0.361844
0.351551
0.360005
0.358596
0.374884
0.370752
0.368877
0.368199
0.401116
0.377047
0.354566
0.347105
0.347947
0.345862
0.352261
0.358086
0.379654
0.391181
0.368816
0.360726
0.36636
0.369082
0.366996
0.368163
0.382673
0.370244
0.407469
0.381461
0.38039
0.394143
0.39459
0.387219
0.376921
0.372095
0.365227
0.36391
0.361109
0.374676
0.376561
0.382131
0.369805
0.36225
0.340762
0.354234
0.366456
0.354446
0.35452
0.350464
0.345276
0.350415
0.355286
0.357175
0.361423
0.367402
0.368246
0.359127
0.373292
0.365287
0.370614
0.360209
0.34025
0.349257
0.346941
0.350173
0.330448
0.342425
0.345078
0.34289
0.346108
0.344054
0.353187
0.35504
0.381824
0.383858
0.385062
0.358518
0.363512
0.397127
0.362535
0.356426
0.403077
0.384703
0.375345
0.379082
0.371137
0.352685
0.372818
0.371899
0.372258
0.390745
0.380848
0.381726
0.398135
0.407341
0.39594
0.422051
0.403402
0.383759
0.383024
0.373648
0.380782
0.373796
0.386112
0.395622
0.392003
0.384146
0.385433
0.3678
0.398
0.406228
0.388976
0.372627
0.352452
0.353589
0.359562
0.349939
0.373395
0.38062
0.380927
0.378583
0.403584
0.382136
0.360051
0.358247
0.361339
0.35052
0.357104
0.351752
0.341685
0.360112
0.358448
0.379001
0.39237
0.392019
0.395235
0.401177
0.371737
0.360404
0.374524
0.378508
0.396981
0.402995
0.400119
0.376763
0.365645
0.36508
0.36344
0.382411
0.396548
0.436758
0.413231
0.394992
0.379501
0.387614
0.386887
0.373455
0.36889
0.375534
0.366318
0.371573
0.350256
0.360231
0.362678
0.35865
0.363399
0.368138
0.384298
0.399724
0.380676
0.386754
0.441345
0.448611
0.444392
0.443336
0.423856
0.472461
0.449883
0.451414
0.479555
0.440394
0.477822
0.426692
0.463904
0.464899
0.466576
0.440757
0.431364
0.425351
0.391137
0.397642
0.407755
0.428385
0.432999
0.40783
0.410329
0.443908
0.46173
0.445188
0.441349
0.442622
0.471356
0.539205
0.429837
0.451695
0.415023
0.424352
0.385905
0.419589
0.438849
0.510096
0.441013
0.459804
0.439172
0.441628
0.411635
0.398397
0.394969
0.394471
0.384364
0.377127
0.376468
0.365659
0.359712
0.372745
0.38408
0.39321
0.410406
0.414782
0.400374
0.3954
0.382826
0.394707
0.396947
0.383823
0.366846
0.364968
0.389177
0.402644
0.422468
0.471406
0.444208
0.461508
0.4768
0.511062
0.50599
0.390076
0.465678
0.435734
0.457155
0.420184
0.401954
0.391485
0.380146
0.374588
0.37963
0.388337
0.411522
0.411111
0.423247
0.441042
0.462149
0.441391
0.412553
0.401155
0.38982
0.386013
0.380096
0.381778
0.391547
0.401113
0.421581
0.439453
0.432502
0.421877
0.416175
0.39874
0.400403
0.399449
0.398286
0.41304
0.409181
0.435666
0.450262
0.438201
0.412037
0.39395
0.381339
0.360328
0.359376
0.346715
0.360761
0.366892
0.366644
0.360726
0.371657
0.389021
0.384889
0.368546
0.359177
0.356985
0.355215
0.351545
0.360633
0.360474
0.364628
0.359858
0.372915
0.37526
0.377349
0.388915
0.381201
0.37432
0.390173
0.416739
0.446444
0.451415
0.450135
0.442953
0.443462
0.398925
0.411579
0.435098
0.448273
0.464645
0.461884
0.37262
0.388636
0.480676
0.449241
0.428431
0.457027
0.475444
0.497348
0.480318
0.453683
0.449771
0.470506
0.414283
0.450788
0.437485
0.442863
0.424145
0.41651
0.429642
0.473658
0.463501
0.440008
0.484262
0.528947
0.474922
0.46258
0.540477
0.448459
0.462115
0.522832
0.491557
0.448453
0.439801
0.531536
0.492737
0.501891
0.46123
0.487492
0.471615
0.469388
0.429537
0.459375
0.428444
0.4454
0.414969
0.439249
0.435971
0.466218
0.438088
0.388319
0.403949
0.431836
0.435331
0.453
0.481432
0.451485
0.456253
0.414429
0.426007
0.425971
0.418703
0.447983
0.411509
0.406201
0.451647
0.416368
0.414087
0.414896
0.457082
0.45014
0.443732
0.43104
0.433863
0.414257
0.403126
0.369352
0.378939
0.369482
0.365647
0.371107
0.376959
0.387005
0.428394
0.436138
0.426913
0.411403
0.427153
0.403396
0.411771
0.39037
0.40227
0.391513
0.400611
0.405045
0.445117
0.412899
0.428006
0.424418
0.429959
0.431915
0.438493
0.451926
0.437038
0.423614
0.420472
0.416494
0.449866
0.41093
0.403209
0.409392
0.422144
0.410873
0.418234
0.427498
0.409003
0.392124
0.366479
0.37526
0.38416
0.384574
0.400314
0.416919
0.425078
0.389358
0.374646
0.38588
0.424281
0.429365
0.422221
0.389693
0.3789
0.368841
0.372161
0.369367
0.368287
0.374638
0.36845
0.392104
0.407326
0.41356
0.416987
0.39883
0.401298
0.391683
0.390718
0.419134
0.437311
0.411372
0.382003
0.41719
0.40251
0.428133
0.392681
0.403618
0.406861
0.415698
0.417869
0.371922
0.402794
0.458698
0.447864
0.434374
0.440582
0.485634
0.479651
0.461367
0.461821
0.512487
0.53167
0.464025
0.406999
0.405894
0.420373
0.491082
0.490202
0.530196
0.526758
0.484802
0.494864
0.430398
0.443857
0.467348
0.489304
0.44407
0.413092
0.460992
0.43801
0.500981
0.477198
0.446291
0.475245
0.481402
0.381976
0.432703
0.392829
0.395825
0.423286
0.48716
0.402962
0.417471
0.435249
0.444628
0.478328
0.457651
0.440164
0.442567
0.505161
0.487174
0.477136
0.466239
0.416739
0.444336
0.499946
0.487079
0.47608
0.501907
0.505087
0.490303
0.44396
0.422215
0.355877
0.363678
0.413451
0.422095
0.406944
0.401981
0.37707
0.396067
0.405575
0.403146
0.378424
0.382319
0.361991
0.359467
0.349186
0.355426
0.356
0.361107
0.376912
0.360819
0.347058
0.36482
0.357774
0.385675
0.378888
0.377021
0.365757
0.395018
0.412837
0.424737
0.420025
0.422022
0.421582
0.406705
0.399264
0.383138
0.36187
0.355478
0.361694
0.362843
0.353147
0.3531
0.351041
0.354051
0.364938
0.378946
0.380051
0.39646
0.386752
0.371704
0.374632
0.372438
0.389135
0.373555
0.372439
0.359789
0.349355
0.348008
0.349119
0.354481
0.358384
0.373109
0.392993
0.380613
0.377686
0.357753
0.356036
0.351771
0.339955
0.340538
0.335332
0.348098
0.347237
0.352472
0.347375
0.345638
0.343899
0.334478
0.336297
0.343463
0.352206
0.3531
0.349863
0.349483
0.351265
0.35467
0.368298
0.361709
0.362435
0.37077
0.375066
0.392957
0.389095
0.383438
0.371135
0.3707
0.367989
0.353094
0.363723
0.368038
0.372444
0.403312
0.439757
0.41541
0.391071
0.365747
0.362385
0.360342
0.367355
0.376506
0.380185
0.387351
0.379066
0.373331
0.363697
0.369119
0.355433
0.355364
0.365151
0.372101
0.360332
0.360699
0.36588
0.378415
0.357966
0.377629
0.374583
0.389572
0.376889
0.36873
0.376379
0.358172
0.346931
0.353857
0.358911
0.367913
0.37861
0.37877
0.382466
0.379824
0.381748
0.371521
0.378757
0.376204
0.391193
0.372981
0.375655
0.384507
0.388671
0.390752
0.391982
0.406083
0.382717
0.383282
0.386519
0.385665
0.390821
0.388945
0.385383
0.414937
0.391158
0.386421
0.406816
0.35667
0.418934
0.429226
0.428013
0.424074
0.407276
0.405657
0.388964
0.381121
0.373588
0.368556
0.355973
0.351685
0.350731
0.346678
0.347414
0.357863
0.357215
0.339184
0.350443
0.345093
0.343744
0.345103
0.342959
0.347053
0.351856
0.355797
0.350857
0.359918
0.366026
0.381685
0.389081
0.364998
0.350575
0.353169
0.348394
0.35839
0.371639
0.38207
0.389957
0.409718
0.389073
0.384035
0.372778
0.368332
0.370339
0.346311
0.371712
0.365611
0.343421
0.339193
0.338735
0.343636
0.336264
0.347856
0.339743
0.345554
0.347138
0.351843
0.359004
0.370978
0.380606
0.384455
0.382499
0.409045
0.395318
0.403346
0.413335
0.38628
0.404066
0.442511
0.424457
0.395432
0.436479
0.416878
0.434477
0.400658
0.428758
0.400645
0.401927
0.420237
0.387777
0.429841
0.381914
0.424414
0.403374
0.43114
0.400501
0.389058
0.429492
0.408927
0.39388
0.370875
0.3615
0.354991
0.365553
0.379252
0.395498
0.389321
0.374211
0.365805
0.35511
0.355043
0.360912
0.35627
0.371027
0.376614
0.373431
0.379257
0.367419
0.370459
0.382417
0.386172
0.38574
0.384852
0.388532
0.382255
0.406208
0.394523
0.379159
0.372412
0.366351
0.345388
0.343925
0.351763
0.356627
0.357022
0.370022
0.384995
0.369128
0.360665
0.359332
0.371816
0.383567
0.363253
0.346845
0.358063
0.36618
0.356441
0.357642
0.360366
0.376119
0.379847
0.395539
0.389494
0.393362
0.379202
0.363044
0.355435
0.36689
0.36311
0.377978
0.365388
0.359174
0.3472
0.35729
0.365752
0.362124
0.356839
0.361688
0.382695
0.376442
0.391441
0.385719
0.381565
0.386069
0.389273
0.399476
0.383255
0.387147
0.369114
0.373324
0.38164
0.3885
0.372526
0.367701
0.381722
0.385
0.418803
0.408801
0.395814
0.409814
0.393737
0.369307
0.373848
0.377084
0.393416
0.3929
0.400424
0.405844
0.401297
0.395509
0.399885
0.40796
0.405338
0.413714
0.414338
0.399779
0.408447
0.409443
0.392629
0.371266
0.362939
0.353826
0.350979
0.346345
0.356558
0.347878
0.347214
0.367758
0.363837
0.373842
0.391399
0.384781
0.3989
0.394225
0.397821
0.399257
0.40894
0.392919
0.368664
0.383677
0.38192
0.374671
0.37472
0.36479
0.368169
0.378324
0.359775
0.382985
0.364997
0.378438
0.389269
0.389206
0.41609
0.433082
0.402739
0.414923
0.409104
0.414892
0.419206
0.475705
0.44848
0.423214
0.423619
0.433829
0.438329
0.421129
0.40155
0.388238
0.398097
0.375762
0.375478
0.373834
0.375929
0.359413
0.35892
0.37587
0.400271
0.420163
0.401533
0.43726
0.41851
0.382747
0.371648
0.387028
0.391534
0.415634
0.416873
0.398506
0.452706
0.448377
0.448426
0.457581
0.423788
0.450416
0.46121
0.428534
0.42978
0.42777
0.43348
0.451204
0.427671
0.412146
0.403606
0.39708
0.443502
0.423735
0.414174
0.398805
0.391347
0.396781
0.37314
0.389789
0.44114
0.390997
0.430395
0.418915
0.39336
0.367678
0.378664
0.385327
0.392805
0.387304
0.438759
0.417519
0.445339
0.474294
0.455136
0.438444
0.4763
0.481662
0.419657
0.510893
0.478642
0.46461
0.441676
0.450555
0.419368
0.430191
0.50983
0.480236
0.434677
0.531248
0.567702
0.539115
0.567575
0.556145
0.585146
0.539874
0.559622
0.545317
0.537758
0.527391
0.489469
0.459456
0.382725
0.402973
0.443939
0.501086
0.441988
0.507923
0.478931
0.506943
0.547622
0.478384
0.465246
0.45774
0.493228
0.495357
0.453958
0.38667
0.382614
0.373064
0.373479
0.402799
0.384933
0.35673
0.353257
0.34134
0.350087
0.353957
0.346079
0.353054
0.365174
0.373873
0.36959
0.36705
0.362319
0.347574
0.351052
0.361015
0.369781
0.383226
0.366395
0.350015
0.34786
0.364675
0.362841
0.356764
0.340448
0.35775
0.35416
0.354707
0.348093
0.356329
0.3622
0.367989
0.385145
0.382494
0.373443
0.365461
0.379945
0.368121
0.378708
0.360909
0.355899
0.3617
0.367003
0.361383
0.360745
0.359177
0.366098
0.369882
0.375934
0.390441
0.386192
0.389946
0.385786
0.392883
0.41457
0.403177
0.413288
0.414225
0.39019
0.421791
0.418636
0.390869
0.395993
0.407741
0.380771
0.415478
0.418366
0.402807
0.410635
0.411528
0.431123
0.424775
0.410287
0.371616
0.468525
0.426297
0.390682
0.39509
0.410134
0.401173
0.410949
0.407219
0.409496
0.425906
0.396168
0.428051
0.417478
0.407595
0.457554
0.491655
0.439531
0.40015
0.3936
0.381614
0.410629
0.422294
0.394952
0.424301
0.38762
0.371978
0.404949
0.409895
0.405501
0.384672
0.383646
0.404422
0.37659
0.42458
0.400131
0.408228
0.455185
0.408034
0.408901
0.414511
0.411671
0.414192
0.381124
0.380428
0.388466
0.394269
0.394821
0.376552
0.39895
0.411876
0.419593
0.39748
0.402966
0.371501
0.389566
0.400461
0.389337
0.397765
0.396254
0.418327
0.402262
0.393043
0.391444
0.402479
0.419725
0.415114
0.42518
0.509669
0.511034
0.457961
0.47254
0.483764
0.442108
0.436152
0.45635
0.401706
0.39504
0.389102
0.386323
0.392026
0.451668
0.489461
0.448771
0.423504
0.396016
0.381666
0.380848
0.368391
0.362915
0.368478
0.396062
0.363943
0.42278
0.445918
0.435248
0.427895
0.44794
0.415812
0.390985
0.371277
0.38778
0.362502
0.366978
0.365429
0.366865
0.359058
0.361429
0.37007
0.367597
0.389387
0.396458
0.435014
0.444676
0.440954
0.445665
0.454252
0.441719
0.406104
0.483403
0.447246
0.451154
0.385669
0.384971
0.365127
0.363677
0.370531
0.391407
0.408497
0.414505
0.500984
0.40766
0.421209
0.383005
0.422793
0.424031
0.416642
0.395952
0.410459
0.444424
0.444523
0.454318
0.459991
0.453904
0.425224
0.452644
0.447274
0.436441
0.43216
0.425817
0.434224
0.431875
0.437411
0.446657
0.410821
0.39139
0.383837
0.426661
0.445758
0.439072
0.442113
0.445726
0.447848
0.428511
0.432317
0.440835
0.415213
0.473846
0.492859
0.486955
0.515689
0.510824
0.503324
0.518995
0.461018
0.491034
0.495044
0.482882
0.475444
0.492494
0.484342
0.507438
0.434139
0.393836
0.413106
0.402457
0.405008
0.386593
0.404913
0.370385
0.365135
0.359851
0.359178
0.355455
0.349792
0.351649
0.37022
0.360184
0.365443
0.366286
0.372216
0.361234
0.343695
0.351142
0.346125
0.367614
0.372444
0.332718
0.348794
0.350211
0.355883
0.34665
0.348441
0.338671
0.341484
0.352298
0.343742
0.344558
0.345652
0.344381
0.35038
0.348902
0.363973
0.371214
0.385416
0.389401
0.361706
0.373066
0.37169
0.374023
0.362074
0.342108
0.355088
0.354127
0.35703
0.362368
0.374789
0.386109
0.383106
0.373363
0.391702
0.387754
0.388489
0.380357
0.377962
0.395764
0.381631
0.38553
0.368523
0.360425
0.364866
0.362291
0.370392
0.37241
0.368193
0.372559
0.366024
0.390805
0.375545
0.387952
0.39241
0.384104
0.38103
0.404577
0.389603
0.394078
0.381905
0.454043
0.481252
0.469006
0.481673
0.448868
0.470107
0.486732
0.416572
0.470341
0.502492
0.513229
0.532392
0.507172
0.516272
0.503289
0.491398
0.475604
0.504526
0.539491
0.407702
0.402299
0.388432
0.385732
0.370742
0.381485
0.383738
0.390805
0.414368
0.407761
0.412808
0.441697
0.447049
0.436919
0.401261
0.40124
0.401986
0.403502
0.370851
0.379396
0.395393
0.410253
0.390966
0.392073
0.376439
0.360648
0.349557
0.347877
0.358273
0.352906
0.359344
0.375839
0.365872
0.355356
0.355937
0.386252
0.39638
0.387858
0.391876
0.390779
0.369053
0.365252
0.363305
0.359221
0.36191
0.360261
0.35157
0.3461
0.369809
0.361807
0.346133
0.354177
0.348213
0.360937
0.377837
0.393057
0.396224
0.388962
0.384649
0.366701
0.384219
0.376631
0.358217
0.342114
0.344698
0.346855
0.342085
0.347195
0.340446
0.356326
0.350565
0.35404
0.371666
0.363067
0.378058
0.370036
0.364352
0.367653
0.375178
0.361698
0.372401
0.364531
0.367646
0.37206
0.378852
0.371603
0.356574
0.363817
0.361665
0.355584
0.356771
0.341323
0.355905
0.341802
0.356966
0.366871
0.370715
0.396291
0.381317
0.426437
0.409848
0.487066
0.46888
0.43972
0.494729
0.441132
0.416517
0.437526
0.459177
0.423414
0.437132
0.398143
0.420637
0.421818
0.403224
0.45878
0.438733
0.476521
0.469716
0.432987
0.389268
0.407943
0.371889
0.380268
0.400683
0.397849
0.436739
0.402722
0.385882
0.441791
0.389783
0.433836
0.396397
0.383863
0.36952
0.362505
0.366506
0.371938
0.379393
0.402236
0.414623
0.414198
0.407798
0.444627
0.442097
0.406527
0.457653
0.446907
0.44482
0.442236
0.469282
0.415621
0.40999
0.432487
0.426442
0.402954
0.391901
0.412348
0.415687
0.447669
0.401756
0.450116
0.402903
0.387463
0.392354
0.41357
0.370605
0.377455
0.371152
0.360675
0.357725
0.35691
0.361378
0.358547
0.356877
0.357355
0.364496
0.371972
0.373614
0.389328
0.414841
0.433702
0.42164
0.443948
0.479787
0.434823
0.492861
0.4707
0.416738
0.456624
0.418668
0.517187
0.53234
0.470468
0.484192
0.461362
0.385491
0.442508
0.440936
0.45689
0.413613
0.418821
0.396072
0.432927
0.435685
0.411173
0.450653
0.452245
0.477029
0.522872
0.446195
0.490927
0.448877
0.445273
0.400829
0.46334
0.457857
0.503287
0.532888
0.511376
0.488992
0.520271
0.43919
0.475367
0.442709
0.439277
0.446501
0.481708
0.488095
0.478547
0.483815
0.484634
0.477715
0.439534
0.400951
0.388623
0.395241
0.392995
0.39541
0.380508
0.384406
0.37537
0.377343
0.377123
0.380576
0.370268
0.388023
0.372207
0.413082
0.424426
0.421576
0.464131
0.452011
0.43901
0.491873
0.43312
0.44907
0.428863
0.425074
0.425599
0.433194
0.428688
0.380319
0.434005
0.4215
0.453741
0.483744
0.476508
0.417601
0.46773
0.47504
0.45376
0.419897
0.451864
0.426116
0.417322
0.393881
0.36751
0.367224
0.353279
0.351785
0.34824
0.350849
0.360127
0.370654
0.380405
0.362767
0.376612
0.35454
0.350366
0.373967
0.372824
0.389217
0.412553
0.399727
0.386842
0.38928
0.396151
0.396866
0.407493
0.417286
0.418119
0.412521
0.410787
0.4537
0.435005
0.423934
0.437248
0.42832
0.445572
0.502126
0.493587
0.483505
0.471219
0.493503
0.467375
0.471124
0.44065
0.422147
0.381294
0.368054
0.372779
0.385246
0.412097
0.424979
0.406172
0.402514
0.431201
0.412844
0.451209
0.408455
0.389435
0.442355
0.484799
0.422835
0.44023
0.452937
0.415589
0.42
0.402037
0.430417
0.430276
0.420509
0.422901
0.435783
0.415459
0.409904
0.377426
0.396458
0.378737
0.370354
0.379093
0.386076
0.380234
0.380251
0.37985
0.403481
0.448548
0.400335
0.393042
0.368268
0.374357
0.373793
0.370579
0.375713
0.388834
0.392613
0.383798
0.385792
0.384883
0.379413
0.408037
0.430392
0.465518
0.484747
0.458335
0.426667
0.458447
0.443807
0.389248
0.362706
0.346602
0.373686
0.401776
0.393468
0.399387
0.427267
0.438926
0.444062
0.472562
0.463651
0.431853
0.451173
0.442903
0.42831
0.429016
0.385683
0.406258
0.407567
0.504903
0.40044
0.411521
0.406852
0.409199
0.404456
0.427349
0.440583
0.433348
0.433894
0.419218
0.382308
0.370331
0.366104
0.364958
0.365388
0.358229
0.355374
0.350707
0.360857
0.381757
0.381307
0.389749
0.39802
0.393775
0.393405
0.404475
0.392215
0.396487
0.415764
0.405477
0.421815
0.424965
0.387904
0.38105
0.39625
0.405759
0.400408
0.4203
0.417103
0.399183
0.392623
0.382912
0.402424
0.407431
0.383574
0.378638
0.401421
0.384775
0.38679
0.379063
0.373069
0.370653
0.351009
0.364853
0.381784
0.410532
0.405384
0.420633
0.410085
0.393946
0.384034
0.377773
0.369324
0.370929
0.371946
0.383267
0.397867
0.386377
0.370945
0.35575
0.358787
0.380877
0.377122
0.373525
0.383144
0.392823
0.403514
0.402871
0.408336
0.421195
0.402982
0.399223
0.377467
0.404491
0.404638
0.381703
0.370642
0.370001
0.366379
0.367854
0.373317
0.398753
0.402423
0.438054
0.392329
0.394753
0.384448
0.379092
0.384358
0.373415
0.387187
0.37767
0.385786
0.379451
0.387478
0.402651
0.41724
0.400357
0.38773
0.417907
0.407291
0.376034
0.36956
0.361359
0.359854
0.358758
0.355107
0.343906
0.343597
0.354783
0.363414
0.368394
0.340694
0.335202
0.348347
0.351551
0.354589
0.347583
0.356851
0.358955
0.369541
0.371489
0.416024
0.39093
0.429267
0.411133
0.401797
0.407688
0.382319
0.378569
0.378055
0.36333
0.34995
0.340384
0.337563
0.348207
0.349558
0.352292
0.35613
0.352728
0.353088
0.348602
0.35799
0.376058
0.386495
0.402228
0.408589
0.390474
0.376054
0.384117
0.364328
0.360999
0.348033
0.356099
0.367948
0.350225
0.361804
0.357553
0.346528
0.352391
0.367648
0.377738
0.378944
0.368646
0.380881
0.383409
0.365265
0.369914
0.362367
0.37495
0.383516
0.376618
0.377393
0.367838
0.351546
0.377605
0.400197
0.393013
0.427179
0.420048
0.379048
0.417247
0.418847
0.424679
0.403045
0.386211
0.390175
0.420538
0.417172
0.389741
0.381962
0.414548
0.416086
0.429864
0.443507
0.412254
0.400861
0.385608
0.399546
0.357329
0.352471
0.378408
0.391066
0.397038
0.424783
0.438098
0.444869
0.428144
0.41792
0.409317
0.404296
0.389416
0.439942
0.458462
0.422667
0.409159
0.375079
0.359361
0.340092
0.39196
0.384221
0.394068
0.365695
0.362504
0.361132
0.362372
0.370432
0.369064
0.372717
0.372285
0.373972
0.363384
0.377338
0.37842
0.382802
0.370458
0.36605
0.36967
0.375821
0.368478
0.370645
0.365288
0.357895
0.346232
0.341903
0.342431
0.339265
0.343192
0.343922
0.353836
0.350792
0.343837
0.343457
0.342021
0.33047
0.334576
0.353845
0.345323
0.344772
0.346201
0.341619
0.345143
0.360652
0.367209
0.353084
0.363007
0.369816
0.389413
0.404321
0.386858
0.385143
0.378711
0.388132
0.406818
0.410903
0.393533
0.393486
0.380066
0.377648
0.388015
0.398792
0.407854
0.402756
0.371483
0.395912
0.385903
0.375622
0.373508
0.387839
0.375709
0.368137
0.37853
0.423415
0.458029
0.429837
0.420412
0.44281
0.404959
0.423128
0.403465
0.447288
0.42699
0.389659
0.456128
0.440626
0.383958
0.377664
0.407429
0.407829
0.389727
0.38906
0.405259
0.436301
0.472028
0.42041
0.396419
0.378921
0.383866
0.381893
0.384708
0.402574
0.431386
0.409534
0.441199
0.42014
0.399854
0.383208
0.376607
0.391386
0.388984
0.425383
0.441167
0.384365
0.44309
0.472101
0.476015
0.446112
0.40815
0.401297
0.441976
0.427181
0.43417
0.416896
0.402779
0.429904
0.3988
0.385643
0.369742
0.371824
0.365789
0.374644
0.376422
0.380342
0.398791
0.424313
0.430563
0.463515
0.431531
0.430662
0.435621
0.520259
0.477598
0.454559
0.480592
0.410503
0.458193
0.538526
0.565038
0.531235
0.524264
0.568915
0.584385
0.525836
0.494712
0.554247
0.602128
0.5467
0.581763
0.568452
0.59118
0.513246
0.454909
0.415408
0.422696
0.421481
0.439161
0.402046
0.393374
0.391054
0.400243
0.408596
0.394362
0.405111
0.394307
0.369458
0.353925
0.389325
0.401764
0.400481
0.41152
0.413112
0.399125
0.37977
0.397906
0.3835
0.39724
0.393857
0.407263
0.448604
0.387342
0.411233
0.396975
0.38966
0.380301
0.380487
0.369168
0.377236
0.363975
0.355221
0.345204
0.34857
0.352558
0.346163
0.34136
0.359567
0.360862
0.355123
0.350886
0.342674
0.342682
0.352148
0.352797
0.354061
0.375788
0.364983
0.377786
0.380556
0.385613
0.377676
0.400589
0.376718
0.389854
0.408419
0.406392
0.367897
0.386946
0.44186
0.396793
0.388804
0.407373
0.36948
0.376502
0.392021
0.381738
0.38108
0.376141
0.399369
0.424107
0.413072
0.421133
0.384177
0.391671
0.39731
0.370989
0.370533
0.37126
0.375928
0.378109
0.388212
0.393129
0.373352
0.362148
0.35917
0.350944
0.358679
0.387118
0.381138
0.37122
0.366171
0.353255
0.353066
0.346367
0.343023
0.353631
0.367125
0.362391
0.368139
0.38113
0.385124
0.388299
0.409018
0.399634
0.387681
0.372072
0.360968
0.353558
0.353093
0.349419
0.358404
0.351428
0.349537
0.347066
0.346456
0.34382
0.34413
0.357401
0.350608
0.355414
0.363437
0.37299
0.390582
0.403486
0.416202
0.439704
0.466832
0.42358
0.426122
0.447185
0.445857
0.50727
0.420711
0.462501
0.410028
0.464511
0.468859
0.42864
0.427911
0.434056
0.484143
0.432305
0.408605
0.444581
0.44035
0.477381
0.461979
0.422693
0.413358
0.387683
0.394543
0.398821
0.394927
0.399586
0.386253
0.403388
0.40385
0.406883
0.401538
0.38147
0.370441
0.391426
0.396806
0.384123
0.398108
0.397219
0.392004
0.396741
0.398053
0.428944
0.455704
0.397858
0.366449
0.366438
0.442797
0.378588
0.398741
0.40281
0.408397
0.387498
0.405075
0.385558
0.398055
0.426222
0.397295
0.371537
0.388829
0.404389
0.386832
0.387902
0.378705
0.39618
0.379359
0.398112
0.413136
0.396698
0.444219
0.427141
0.395625
0.388994
0.402896
0.40292
0.409138
0.381044
0.372583
0.366525
0.389525
0.395632
0.41497
0.406509
0.39708
0.380275
0.358344
0.35221
0.346862
0.351731
0.362362
0.360346
0.37912
0.401423
0.399746
0.394542
0.386326
0.39243
0.390477
0.424117
0.414151
0.413669
0.399556
0.381113
0.412265
0.392891
0.398969
0.420204
0.389318
0.376796
0.38394
0.384417
0.396435
0.391184
0.375914
0.370352
0.363167
0.362718
0.375091
0.387532
0.431845
0.417041
0.388204
0.379458
0.388724
0.387142
0.393901
0.415772
0.400786
0.400694
0.410644
0.427302
0.399633
0.412485
0.405874
0.421258
0.371822
0.398763
0.429836
0.400239
0.41612
0.405537
0.406709
0.42574
0.446712
0.454029
0.441906
0.442765
0.424866
0.426303
0.419787
0.485236
0.479307
0.435084
0.393738
0.399502
0.433136
0.445252
0.405367
0.411627
0.460712
0.438876
0.410993
0.421353
0.45239
0.510117
0.483283
0.464209
0.449593
0.438007
0.424819
0.435776
0.426832
0.439178
0.415125
0.459762
0.412878
0.446364
0.440492
0.433646
0.417967
0.415641
0.430735
0.426126
0.432823
0.467224
0.465269
0.45286
0.460895
0.442841
0.426172
0.394836
0.389494
0.380034
0.402798
0.399078
0.384173
0.380452
0.391056
0.385477
0.370973
0.357594
0.355722
0.345697
0.346447
0.346103
0.353404
0.355871
0.350932
0.36825
0.37457
0.370569
0.422153
0.428333
0.388859
0.38531
0.398957
0.387893
0.378702
0.392573
0.394253
0.416693
0.439104
0.451233
0.422461
0.407076
0.393796
0.418585
0.412034
0.420719
0.455747
0.404021
0.429955
0.430583
0.392941
0.368727
0.377231
0.387358
0.397419
0.401987
0.419551
0.412022
0.408443
0.405896
0.422736
0.449343
0.462878
0.471088
0.438168
0.511769
0.485631
0.440179
0.415636
0.405872
0.389896
0.376994
0.376885
0.398731
0.424457
0.416788
0.417912
0.41471
0.41519
0.388926
0.378481
0.36478
0.374552
0.378969
0.372051
0.391385
0.401107
0.39852
0.428667
0.435953
0.439394
0.408618
0.431341
0.419812
0.444843
0.524762
0.444983
0.458747
0.428382
0.398079
0.396931
0.408874
0.491303
0.402187
0.44901
0.486356
0.491352
0.425378
0.4388
0.436749
0.450879
0.408547
0.42973
0.452924
0.478379
0.496969
0.446623
0.463948
0.504311
0.511029
0.527893
0.530332
0.498375
0.51364
0.508463
0.526598
0.532658
0.529292
0.45915
0.514479
0.518904
0.467764
0.544283
0.477229
0.508377
0.489821
0.436583
0.48166
0.487896
0.460674
0.499405
0.515167
0.563648
0.557472
0.544624
0.578725
0.541718
0.542247
0.525582
0.542624
0.507761
0.546893
0.564566
0.586428
0.604876
0.571976
0.608264
0.589517
0.519954
0.501754
0.481838
0.406393
0.475854
0.486736
0.459859
0.47152
0.472348
0.469243
0.403392
0.395253
0.399168
0.396807
0.431956
0.476465
0.443068
0.425321
0.422528
0.401584
0.376106
0.370734
0.407224
0.395028
0.446844
0.44895
0.460448
0.475009
0.430104
0.419437
0.405798
0.428418
0.441022
0.42885
0.418282
0.421985
0.407391
0.372332
0.357379
0.365786
0.362094
0.357242
0.372323
0.37068
0.391724
0.405461
0.407817
0.43371
0.426234
0.455374
0.445677
0.447514
0.462229
0.45277
0.438527
0.446678
0.434731
0.451702
0.437917
0.422984
0.431821
0.424508
0.433471
0.446177
0.418407
0.38746
0.374016
0.393996
0.419688
0.408218
0.392188
0.393284
0.41503
0.398009
0.399367
0.397459
0.400996
0.404973
0.380068
0.369987
0.349293
0.364573
0.3803
0.369492
0.380494
0.386244
0.379778
0.40403
0.438182
0.414083
0.388684
0.387932
0.394801
0.41984
0.397346
0.415834
0.410904
0.398527
0.38642
0.400619
0.419817
0.408755
0.421109
0.40008
0.362466
0.390753
0.386553
0.38778
0.411387
0.413805
0.402627
0.394306
0.399772
0.390752
0.387176
0.380601
0.418729
0.417403
0.421137
0.421303
0.428128
0.434553
0.437842
0.440431
0.422944
0.439794
0.419758
0.412579
0.363151
0.422329
0.39917
0.426594
0.389013
0.373264
0.38287
0.422873
0.409153
0.41094
0.414259
0.418782
0.378618
0.411736
0.448471
0.412539
0.429807
0.431773
0.408918
0.372679
0.384423
0.391721
0.384242
0.371647
0.393256
0.418651
0.405237
0.396945
0.408066
0.383795
0.391965
0.406383
0.436859
0.494857
0.503494
0.435065
0.440093
0.427077
0.450764
0.410043
0.434541
0.424018
0.420582
0.409104
0.414676
0.420402
0.409503
0.464432
0.385221
0.480197
0.398759
0.486689
0.462257
0.405004
0.39589
0.424208
0.45186
0.441289
0.462314
0.455123
0.440979
0.435659
0.397657
0.419274
0.423995
0.386058
0.401927
0.388757
0.369493
0.370566
0.357653
0.367113
0.363589
0.37169
0.361753
0.386289
0.366225
0.356348
0.355451
0.351344
0.360988
0.347238
0.342633
0.345008
0.345661
0.344462
0.340702
0.343957
0.348508
0.343488
0.355675
0.345267
0.355787
0.348053
0.351876
0.364777
0.380717
0.384705
0.381088
0.387389
0.378707
0.378392
0.394118
0.407773
0.387788
0.381844
0.369557
0.392297
0.381132
0.367565
0.364775
0.392857
0.395475
0.377316
0.405863
0.418916
0.404213
0.383343
0.392427
0.400246
0.396921
0.36652
0.355915
0.355456
0.34638
0.355155
0.348378
0.361284
0.354314
0.358782
0.358319
0.362939
0.352572
0.369788
0.377524
0.409142
0.392931
0.424013
0.432935
0.429503
0.432557
0.482202
0.476779
0.504126
0.431522
0.487757
0.497802
0.478821
0.483281
0.515941
0.525101
0.501529
0.457853
0.466322
0.400967
0.394403
0.394472
0.402733
0.436964
0.488335
0.410506
0.364575
0.37808
0.420509
0.453513
0.464622
0.41142
0.420321
0.423007
0.390677
0.381311
0.400707
0.419408
0.455101
0.455681
0.481258
0.463601
0.47181
0.459552
0.489975
0.541556
0.512609
0.418053
0.413813
0.453316
0.452592
0.452019
0.385252
0.35972
0.352285
0.362293
0.382998
0.372
0.37867
0.368978
0.375497
0.372449
0.357844
0.374236
0.412259
0.440945
0.386611
0.421882
0.390978
0.394377
0.380997
0.409445
0.415001
0.488564
0.457235
0.473978
0.432104
0.417732
0.399383
0.394352
0.373863
0.403926
0.368232
0.362503
0.38879
0.386982
0.408362
0.381852
0.386949
0.377207
0.372176
0.379342
0.409627
0.397164
0.391275
0.406272
0.384891
0.410562
0.420159
0.4255
0.378705
0.444672
0.436755
0.413728
0.410033
0.414305
0.395031
0.391554
0.378863
0.407007
0.445732
0.415524
0.392026
0.401586
0.435385
0.433025
0.432883
0.47435
0.48817
0.484441
0.479585
0.429432
0.446151
0.380354
0.375224
0.393717
0.438038
0.419452
0.439881
0.426568
0.44738
0.49823
0.485105
0.500114
0.413697
0.467194
0.434933
0.460706
0.496411
0.487549
0.429019
0.428795
0.488294
0.516159
0.423997
0.418795
0.421085
0.425235
0.404076
0.394389
0.376802
0.38498
0.369491
0.368876
0.380054
0.40162
0.400192
0.378151
0.374235
0.366505
0.373667
0.365863
0.376714
0.370728
0.380679
0.385649
0.393766
0.407057
0.404579
0.428273
0.446475
0.438021
0.391405
0.403628
0.400037
0.390762
0.418373
0.430092
0.379696
0.427665
0.446052
0.435318
0.446832
0.40235
0.417481
0.449931
0.430857
0.407888
0.393102
0.347099
0.342686
0.364215
0.42536
0.404119
0.407501
0.462476
0.403364
0.431677
0.465718
0.439107
0.38566
0.394851
0.424214
0.439287
0.454507
0.494384
0.476171
0.428327
0.414384
0.409326
0.423116
0.404175
0.433885
0.422678
0.461552
0.403728
0.470591
0.451327
0.473735
0.421365
0.427899
0.439391
0.466183
0.455298
0.49338
0.496074
0.509628
0.455412
0.473364
0.414797
0.431391
0.419609
0.437747
0.422851
0.431352
0.446823
0.439001
0.444324
0.412163
0.472891
0.442964
0.457257
0.429229
0.450045
0.418614
0.453742
0.459857
0.477383
0.46146
0.463528
0.469123
0.475946
0.482678
0.471367
0.500165
0.515146
0.560067
0.537681
0.566066
0.574817
0.56741
0.473985
0.487004
0.592111
0.583937
0.565596
0.573117
0.562784
0.540783
0.572297
0.544375
0.498335
0.559064
0.52466
0.477875
0.468279
0.439008
0.420607
0.406938
0.412955
0.375557
0.359809
0.385321
0.408126
0.37185
0.393984
0.453082
0.457005
0.382353
0.370618
0.39663
0.446176
0.386017
0.450433
0.46285
0.424048
0.441421
0.43592
0.437553
0.424353
0.402544
0.37386
0.42703
0.444734
0.414064
0.423323
0.465757
0.440842
0.392828
0.463126
0.437716
0.416836
0.424895
0.415439
0.414257
0.388182
0.414974
0.415678
0.407031
0.388547
0.385343
0.423518
0.398101
0.418227
0.421504
0.353413
0.350222
0.381322
0.464207
0.41879
0.464809
0.487781
0.428914
0.414957
0.415104
0.45575
0.406761
0.412224
0.439836
0.451595
0.440015
0.424148
0.382773
0.427457
0.38962
0.383087
0.365478
0.364127
0.368671
0.361889
0.36811
0.359923
0.369261
0.357225
0.36117
0.351852
0.362155
0.350999
0.351199
0.351635
0.355752
0.345912
0.348634
0.359966
0.354423
0.36399
0.36005
0.367421
0.379253
0.395093
0.389568
0.40505
0.375627
0.353758
0.38541
0.375063
0.355628
0.361695
0.362778
0.373544
0.378564
0.383353
0.391748
0.384285
0.363412
0.362367
0.357645
0.396206
0.42705
0.427697
0.423863
0.383773
0.39568
0.406599
0.424606
0.428788
0.433362
0.469082
0.427645
0.396771
0.401022
0.415659
0.424021
0.409403
0.441218
0.433164
0.400918
0.397221
0.368732
0.364108
0.351888
0.347011
0.349615
0.353213
0.352286
0.353075
0.349672
0.368572
0.362424
0.369619
0.37496
0.372229
0.366544
0.359073
0.365142
0.368069
0.369319
0.370707
0.361116
0.3739
0.379449
0.383148
0.399421
0.393669
0.412292
0.409382
0.430596
0.48027
0.489063
0.508227
0.476523
0.466945
0.480303
0.483292
0.40019
0.503436
0.455437
0.4305
0.441723
0.5094
0.452383
0.448566
0.441448
0.383671
0.37363
0.381938
0.369527
0.356588
0.352275
0.381954
0.404775
0.37663
0.370255
0.375726
0.373231
0.366887
0.367603
0.362576
0.352765
0.354707
0.367668
0.375914
0.401702
0.478318
0.483971
0.433764
0.401522
0.366225
0.386432
0.389239
0.4081
0.402494
0.416061
0.409891
0.383402
0.391603
0.389533
0.496213
0.491847
0.483498
0.542756
0.541556
0.458451
0.454404
0.506822
0.488526
0.41868
0.394634
0.441547
0.503947
0.569004
0.537875
0.526426
0.540064
0.512073
0.505436
0.534558
0.521574
0.463267
0.528744
0.505324
0.482608
0.474779
0.553591
0.502503
0.471926
0.482357
0.514187
0.451895
0.499521
0.52748
0.519844
0.504747
0.516079
0.511236
0.487592
0.526559
0.510916
0.490563
0.48909
0.436858
0.456253
0.46482
0.485749
0.492291
0.398984
0.518457
0.426929
0.428554
0.429878
0.395106
0.428725
0.433687
0.439715
0.501322
0.492809
0.437042
0.415304
0.4865
0.439654
0.448793
0.489015
0.411853
0.415469
0.405641
0.45269
0.419445
0.410987
0.444581
0.441116
0.441307
0.415606
0.387123
0.38653
0.376181
0.374734
0.360807
0.363383
0.358228
0.352745
0.354755
0.365448
0.362884
0.385396
0.395913
0.406243
0.403396
0.383501
0.375071
0.363808
0.36464
0.36975
0.364132
0.360608
0.373933
0.381956
0.406749
0.399355
0.40139
0.415004
0.421954
0.372791
0.392789
0.381988
0.366556
0.378604
0.377939
0.368215
0.350595
0.349142
0.356705
0.370684
0.386137
0.366613
0.357823
0.348601
0.349369
0.348599
0.356118
0.366411
0.380383
0.387712
0.390787
0.396984
0.41616
0.38252
0.40355
0.406973
0.411816
0.412379
0.398634
0.411393
0.413648
0.402336
0.397148
0.371068
0.386851
0.400091
0.37639
0.36803
0.358905
0.364994
0.352848
0.354829
0.351067
0.350526
0.359962
0.358262
0.348992
0.339713
0.351609
0.348637
0.356026
0.362764
0.387713
0.388021
0.370205
0.380673
0.376853
0.380679
0.389045
0.401798
0.399421
0.395424
0.367867
0.354022
0.379393
0.385434
0.367992
0.360298
0.354416
0.355518
0.369758
0.351298
0.350118
0.356194
0.373516
0.383255
0.360591
0.355895
0.373178
0.378572
0.386423
0.426663
0.405601
0.388658
0.405785
0.372541
0.39963
0.379339
0.376574
0.381827
0.399066
0.402153
0.390113
0.395707
0.392318
0.43756
0.394994
0.426987
0.410328
0.42762
0.42629
0.438323
0.408023
0.461707
0.438267
0.428877
0.472892
0.411929
0.38125
0.421266
0.426298
0.378951
0.449602
0.428658
0.440828
0.458938
0.475242
0.43149
0.447504
0.484056
0.498471
0.486175
0.471156
0.420205
0.476324
0.483326
0.488606
0.477913
0.513724
0.488286
0.497325
0.406555
0.485476
0.470128
0.405337
0.426176
0.420687
0.395844
0.388017
0.390451
0.446684
0.42244
0.448027
0.440048
0.445006
0.37475
0.373159
0.377686
0.421253
0.429202
0.467201
0.469627
0.407141
0.415113
0.464002
0.510721
0.466634
0.437226
0.415606
0.380902
0.380224
0.381386
0.384723
0.411678
0.445827
0.439542
0.372478
0.418598
0.42801
0.439552
0.444674
0.459011
0.432081
0.413324
0.428883
0.437369
0.438568
0.421961
0.427434
0.419489
0.401608
0.424707
0.426117
0.42172
0.432486
0.498592
0.435954
0.505952
0.457426
0.451434
0.509745
0.42579
0.469344
0.408621
0.384145
0.407723
0.447416
0.460371
0.467418
0.47578
0.479314
0.486429
0.512631
0.480234
0.461665
0.422863
0.437564
0.418809
0.407369
0.448461
0.440142
0.429882
0.437553
0.45117
0.491239
0.491288
0.502684
0.505127
0.441253
0.375293
0.433064
0.454038
0.434614
0.422435
0.428377
0.420674
0.395936
0.433717
0.380477
0.376712
0.394482
0.362515
0.373902
0.366619
0.375792
0.405129
0.427016
0.43548
0.410432
0.418479
0.42791
0.439559
0.432786
0.413823
0.403286
0.395397
0.421223
0.385647
0.388391
0.38444
0.368095
0.376021
0.371071
0.388947
0.377379
0.366215
0.356554
0.356966
0.353284
0.352775
0.358263
0.354691
0.353669
0.360636
0.365413
0.389866
0.380626
0.412774
0.390402
0.374623
0.366152
0.3554
0.370004
0.356561
0.357201
0.374287
0.375366
0.379129
0.382994
0.366314
0.374001
0.379474
0.371634
0.363143
0.343551
0.35156
0.37107
0.378866
0.38627
0.399562
0.393469
0.384456
0.389654
0.398581
0.406244
0.372681
0.392491
0.38832
0.391633
0.399653
0.405074
0.38325
0.352133
0.361524
0.376855
0.38321
0.379723
0.388368
0.391919
0.390143
0.396734
0.385089
0.417298
0.462343
0.429739
0.416344
0.427744
0.428202
0.409106
0.410748
0.404131
0.385817
0.374311
0.355484
0.360761
0.384434
0.508197
0.383343
0.367396
0.414102
0.363427
0.360946
0.365887
0.376677
0.371864
0.362305
0.370692
0.368196
0.355206
0.380619
0.347953
0.364252
0.361145
0.373283
0.3908
0.39481
0.401234
0.40805
0.38448
0.366438
0.358596
0.369965
0.386196
0.365688
0.376224
0.362397
0.3682
0.396774
0.389808
0.390419
0.36831
0.393735
0.391179
0.386815
0.380983
0.401485
0.400347
0.439095
0.500457
0.402699
0.405694
0.441335
0.503876
0.474166
0.448012
0.476602
0.48845
0.456041
0.428218
0.419827
0.419889
0.452137
0.448622
0.409497
0.512515
0.513668
0.480537
0.476627
0.496536
0.494633
0.478755
0.448719
0.469849
0.481747
0.465743
0.424301
0.389655
0.354525
0.371568
0.463081
0.469278
0.490541
0.456552
0.458492
0.452557
0.507646
0.473432
0.482369
0.415934
0.390825
0.386983
0.370177
0.376462
0.362991
0.366124
0.358659
0.352578
0.34326
0.348074
0.348262
0.347181
0.358255
0.370772
0.356683
0.372284
0.365666
0.373858
0.429798
0.394552
0.375536
0.372015
0.387837
0.390297
0.412822
0.417483
0.423162
0.393472
0.365754
0.39555
0.400358
0.390016
0.407267
0.387509
0.380241
0.384951
0.378702
0.410848
0.398315
0.389081
0.400967
0.400836
0.412894
0.412422
0.392238
0.403036
0.388857
0.388732
0.371046
0.396508
0.374245
0.374454
0.368472
0.37834
0.379021
0.389066
0.366445
0.346596
0.371095
0.352408
0.352147
0.350634
0.342157
0.346645
0.360419
0.353184
0.347092
0.348814
0.35614
0.376777
0.402184
0.402658
0.384689
0.39343
0.386282
0.384643
0.375845
0.360035
0.356346
0.352316
0.360167
0.357298
0.337134
0.353663
0.376427
0.392026
0.368677
0.377383
0.358479
0.348625
0.36726
0.354955
0.342579
0.346537
0.360863
0.35978
0.353967
0.37595
0.372087
0.369241
0.363971
0.363877
0.349374
0.344958
0.34825
0.338318
0.353039
0.334639
0.348814
0.349225
0.352055
0.348601
0.346284
0.348527
0.340508
0.342176
0.358582
0.356123
0.36091
0.356217
0.364209
0.366188
0.367617
0.377927
0.40885
0.374869
0.373617
0.363822
0.354101
0.345742
0.358292
0.350912
0.363941
0.365837
0.37778
0.39218
0.396272
0.389376
0.40376
0.414744
0.418766
0.402703
0.417587
0.432377
0.400946
0.423281
0.416796
0.402833
0.421518
0.406926
0.419045
0.425927
0.396257
0.38131
0.37856
0.393649
0.376315
0.388333
0.389111
0.397256
0.426721
0.407701
0.392527
0.371171
0.363009
0.366642
0.38443
0.411989
0.400694
0.397424
0.390817
0.393397
0.40748
0.4041
0.391731
0.37408
0.397899
0.404455
0.395019
0.379123
0.395349
0.435491
0.407073
0.432019
0.450088
0.421557
0.392002
0.414332
0.422223
0.410438
0.433641
0.428339
0.409935
0.408078
0.397008
0.434831
0.458909
0.424039
0.435167
0.464125
0.466764
0.459433
0.449456
0.454047
0.492151
0.506859
0.442388
0.438732
0.443876
0.469575
0.473642
0.505693
0.444393
0.458745
0.430965
0.4283
0.43956
0.438424
0.493513
0.501096
0.477035
0.494317
0.455709
0.438915
0.440387
0.452138
0.416757
0.424049
0.435296
0.430827
0.37793
0.4321
0.464692
0.461581
0.467416
0.473496
0.4514
0.442674
0.453247
0.406686
0.428926
0.422815
0.442917
0.436855
0.435142
0.439443
0.470891
0.494892
0.475111
0.441027
0.470719
0.474344
0.500026
0.506818
0.502623
0.447074
0.433458
0.484074
0.494699
0.471724
0.468964
0.46048
0.459458
0.550832
0.532484
0.507152
0.494211
0.44787
0.421279
0.412337
0.412165
0.404233
0.401926
0.403138
0.408096
0.421093
0.416545
0.409267
0.429608
0.444597
0.457147
0.463567
0.444529
0.421392
0.417889
0.438057
0.478268
0.463399
0.477152
0.46417
0.510107
0.512861
0.497857
0.518668
0.533733
0.589907
0.555365
0.488137
0.421706
0.395027
0.424827
0.441065
0.393531
0.406473
0.432131
0.42171
0.445908
0.42139
0.412895
0.440322
0.420867
0.403483
0.431164
0.408011
0.378159
0.37847
0.415559
0.394967
0.408806
0.417206
0.410326
0.437691
0.44128
0.441782
0.400237
0.424114
0.415169
0.402729
0.422827
0.413157
0.398776
0.417945
0.457605
0.414986
0.446544
0.403626
0.452858
0.400473
0.413681
0.423649
0.406184
0.397926
0.432011
0.422473
0.418512
0.424376
0.435572
0.424565
0.444805
0.425411
0.401597
0.389239
0.397062
0.389478
0.395102
0.373237
0.415744
0.408843
0.386401
0.391943
0.382068
0.379673
0.396341
0.391527
0.367876
0.340107
0.352335
0.402583
0.404224
0.385796
0.390462
0.397573
0.393317
0.377761
0.36672
0.351636
0.357689
0.359841
0.358133
0.373734
0.381828
0.385394
0.392401
0.370652
0.399522
0.425408
0.430511
0.419275
0.399515
0.39855
0.421415
0.364053
0.393002
0.378621
0.407977
0.396413
0.396269
0.41015
0.379972
0.385256
0.394953
0.43114
0.407333
0.434726
0.41926
0.422828
0.422438
0.431157
0.385825
0.400045
0.405055
0.387597
0.38009
0.373072
0.384734
0.405932
0.401422
0.382513
0.40042
0.402396
0.377205
0.39774
0.420482
0.415602
0.398014
0.400453
0.390222
0.395112
0.420336
0.407677
0.399282
0.439077
0.417051
0.407953
0.39776
0.440563
0.411385
0.39329
0.360194
0.351397
0.360061
0.356417
0.360333
0.358251
0.349838
0.33773
0.347076
0.338743
0.342104
0.338312
0.336721
0.338888
0.36377
0.335737
0.341711
0.347735
0.3412
0.349775
0.35885
0.356013
0.37101
0.391468
0.387567
0.353593
0.370462
0.379635
0.386855
0.36657
0.365429
0.35096
0.350409
0.340827
0.351566
0.340533
0.335655
0.336327
0.337886
0.344944
0.350745
0.347371
0.343269
0.335992
0.344028
0.342607
0.343308
0.343511
0.341377
0.347343
0.359914
0.348961
0.348318
0.34262
0.350121
0.352878
0.346949
0.346039
0.350758
0.341975
0.330046
0.337345
0.334203
0.34238
0.348966
0.338097
0.342958
0.348756
0.335143
0.346244
0.347777
0.341698
0.338363
0.359977
0.363868
0.367688
0.375897
0.376713
0.404781
0.38726
0.391615
0.371356
0.38226
0.369474
0.379001
0.368347
0.384716
0.38887
0.383027
0.369497
0.364167
0.364952
0.392703
0.398933
0.357487
0.385779
0.376441
0.371696
0.358597
0.37383
0.385322
0.377684
0.375162
0.368131
0.381986
0.383474
0.394884
0.375588
0.358498
0.351783
0.352797
0.346923
0.340234
0.347118
0.346507
0.335086
0.341405
0.34248
0.340921
0.346845
0.348713
0.350023
0.345355
0.34998
0.343949
0.349098
0.350628
0.354671
0.342478
0.342061
0.343063
0.339849
0.353175
0.337145
0.343841
0.339923
0.343572
0.351525
0.347266
0.348002
0.336044
0.339997
0.344827
0.352019
0.342833
0.347516
0.359083
0.362179
0.365306
0.367362
0.373568
0.364625
0.356269
0.354919
0.356044
0.354275
0.360221
0.37071
0.37032
0.358029
0.364767
0.373393
0.399701
0.406014
0.398973
0.415381
0.446317
0.4038
0.369188
0.389172
0.380104
0.371866
0.395663
0.402506
0.392529
0.410416
0.409097
0.442679
0.456574
0.451931
0.418
0.42755
0.435493
0.430485
0.453333
0.400017
0.408011
0.437701
0.408774
0.386853
0.37226
0.36154
0.369315
0.374795
0.382228
0.396316
0.393503
0.388278
0.367574
0.361066
0.349798
0.358303
0.360822
0.365014
0.357351
0.356708
0.36043
0.361554
0.390473
0.390464
0.4093
0.402199
0.39459
0.378481
0.373002
0.371081
0.374414
0.37135
0.38132
0.382248
0.380041
0.406742
0.403928
0.429605
0.414807
0.455188
0.479132
0.461827
0.43885
0.453243
0.480437
0.476913
0.48652
0.460695
0.45986
0.515642
0.520327
0.499643
0.518961
0.546739
0.473953
0.401851
0.411029
0.41541
0.408753
0.362467
0.366282
0.433126
0.432211
0.432305
0.441024
0.428906
0.413291
0.380257
0.380077
0.40884
0.439563
0.479301
0.460339
0.476276
0.464863
0.41373
0.500995
0.484452
0.401218
0.393368
0.389888
0.380308
0.372237
0.369351
0.369006
0.355578
0.352629
0.349827
0.347711
0.345671
0.339258
0.34569
0.355383
0.356389
0.363352
0.354903
0.351271
0.361005
0.367105
0.372438
0.377576
0.383403
0.370751
0.393628
0.413987
0.397446
0.383039
0.403016
0.389139
0.38856
0.370796
0.384078
0.371542
0.382438
0.395916
0.415605
0.413455
0.436234
0.421763
0.415426
0.408463
0.426453
0.366366
0.398076
0.380343
0.399799
0.405848
0.381866
0.375913
0.356683
0.387469
0.377456
0.377478
0.368756
0.377736
0.389159
0.404475
0.38102
0.374826
0.364895
0.35469
0.343656
0.345292
0.338826
0.352677
0.347475
0.349329
0.338595
0.357822
0.340019
0.342308
0.344584
0.341053
0.347423
0.347547
0.349707
0.351386
0.375137
0.384011
0.380685
0.381418
0.377027
0.370261
0.353745
0.342011
0.35246
0.342436
0.338437
0.357577
0.359207
0.360673
0.350385
0.356497
0.354827
0.352971
0.370701
0.39192
0.416823
0.413614
0.434421
0.411102
0.371752
0.416903
0.407898
0.398389
0.405351
0.403236
0.410549
0.40459
0.37019
0.397783
0.396679
0.401656
0.386068
0.381829
0.396591
0.41548
0.409632
0.437091
0.410487
0.409682
0.394404
0.417641
0.405611
0.400927
0.395772
0.418042
0.393474
0.377922
0.394662
0.39249
0.405285
0.392998
0.395799
0.402906
0.393681
0.395503
0.394322
0.387206
0.373761
0.379589
0.397808
0.373394
0.403137
0.421285
0.420923
0.397687
0.385
0.377145
0.368473
0.36694
0.379471
0.401487
0.41705
0.418709
0.405471
0.4268
0.436037
0.477266
0.445958
0.430484
0.368847
0.425363
0.421761
0.392372
0.371593
0.357033
0.373543
0.421065
0.449775
0.399337
0.373779
0.410906
0.464349
0.486831
0.422096
0.449284
0.465399
0.443255
0.434442
0.406419
0.41836
0.415296
0.410729
0.403357
0.396004
0.412681
0.407045
0.419407
0.467462
0.460019
0.439299
0.427267
0.459465
0.449714
0.433609
0.475005
0.476447
0.453249
0.434891
0.464748
0.42844
0.410652
0.432712
0.477133
0.453732
0.496792
0.49095
0.459144
0.421751
0.461948
0.443352
0.413631
0.404983
0.379125
0.381076
0.386868
0.385181
0.379021
0.374043
0.380252
0.36187
0.3749
0.393515
0.411868
0.401436
0.385776
0.366042
0.36053
0.352068
0.359654
0.355677
0.343472
0.345663
0.362426
0.358334
0.360739
0.357832
0.360725
0.36595
0.379842
0.381277
0.366381
0.35834
0.355669
0.359155
0.366603
0.374005
0.375211
0.402089
0.394385
0.419834
0.39859
0.387434
0.410497
0.436456
0.451805
0.427578
0.408286
0.443182
0.465458
0.454628
0.41055
0.479736
0.462447
0.389605
0.42258
0.434883
0.481054
0.47577
0.494926
0.464449
0.386044
0.4496
0.500688
0.407499
0.453124
0.475984
0.464163
0.437492
0.483295
0.455154
0.449135
0.465239
0.402233
0.458609
0.418996
0.42896
0.427183
0.409834
0.418569
0.417742
0.403521
0.414635
0.463981
0.476369
0.482532
0.520114
0.4323
0.508567
0.491744
0.531433
0.451939
0.472443
0.486594
0.452289
0.468291
0.464804
0.495285
0.465307
0.486996
0.515565
0.470863
0.484077
0.461263
0.575305
0.512594
0.578407
0.546872
0.574696
0.577775
0.554715
0.482331
0.407755
0.411757
0.417125
0.400697
0.457334
0.426544
0.409085
0.417548
0.421891
0.374406
0.422286
0.439633
0.460357
0.42249
0.454486
0.405893
0.396618
0.387997
0.386677
0.392983
0.411106
0.434469
0.398888
0.436683
0.444111
0.423045
0.405168
0.409983
0.409112
0.415017
0.404298
0.410666
0.427237
0.454588
0.427088
0.43651
0.44553
0.473951
0.429424
0.43442
0.401659
0.4432
0.418295
0.424771
0.420718
0.448932
0.493305
0.428509
0.419931
0.41345
0.447003
0.409993
0.392152
0.406292
0.406177
0.416883
0.411148
0.410565
0.422999
0.415484
0.393906
0.39539
0.362352
0.367853
0.368381
0.361766
0.36174
0.376466
0.38039
0.381385
0.367639
0.363526
0.380157
0.393436
0.373732
0.419675
0.392819
0.38726
0.402772
0.395854
0.406553
0.467738
0.508776
0.451955
0.491773
0.437642
0.471953
0.433389
0.517002
0.442101
0.424047
0.434923
0.40131
0.431464
0.432639
0.459057
0.433668
0.402285
0.408143
0.414007
0.422162
0.474884
0.420859
0.4274
0.391819
0.380981
0.370376
0.361709
0.355984
0.367943
0.389215
0.398484
0.402771
0.380155
0.396043
0.38149
0.397589
0.379105
0.361976
0.373404
0.383805
0.403737
0.40954
0.406252
0.402164
0.436914
0.394815
0.405485
0.423709
0.443885
0.400777
0.408335
0.3969
0.390831
0.383057
0.371076
0.379063
0.35412
0.360709
0.371591
0.386229
0.404722
0.41085
0.406031
0.393346
0.369414
0.375236
0.370222
0.374746
0.410547
0.43972
0.407323
0.397155
0.413771
0.432585
0.396669
0.39561
0.434313
0.429283
0.405082
0.408439
0.408611
0.398254
0.420247
0.420011
0.404163
0.401412
0.398517
0.375013
0.431177
0.436118
0.436373
0.444487
0.432205
0.425257
0.40653
0.460884
0.413674
0.421972
0.500517
0.459414
0.483865
0.433424
0.394648
0.494097
0.456024
0.462449
0.489164
0.467559
0.398583
0.399504
0.432687
0.406394
0.463304
0.467001
0.448351
0.437987
0.425389
0.458462
0.463993
0.484175
0.473736
0.459714
0.404486
0.394648
0.430785
0.415349
0.409969
0.40644
0.44856
0.423558
0.426179
0.396493
0.448555
0.409361
0.507616
0.495057
0.533115
0.466175
0.506981
0.486201
0.485723
0.491336
0.442832
0.442843
0.417589
0.370708
0.379637
0.446688
0.374084
0.51593
0.53587
0.485897
0.464566
0.441801
0.490299
0.474273
0.425011
0.408946
0.422864
0.426344
0.437162
0.444002
0.458009
0.429976
0.411913
0.385305
0.410951
0.419321
0.452043
0.470464
0.451784
0.447883
0.430671
0.419328
0.411283
0.395573
0.402221
0.454682
0.459204
0.447297
0.45904
0.399202
0.443137
0.432942
0.398379
0.392156
0.387134
0.379515
0.381373
0.386253
0.414505
0.441082
0.474004
0.447174
0.476585
0.457161
0.458118
0.469008
0.480589
0.481042
0.474188
0.4266
0.466838
0.464443
0.410187
0.399898
0.418413
0.452929
0.429137
0.453555
0.437955
0.447378
0.44558
0.408413
0.395121
0.387552
0.385986
0.386975
0.396853
0.375618
0.38222
0.379033
0.373962
0.396309
0.428307
0.391912
0.394804
0.379596
0.371021
0.369575
0.395828
0.415821
0.43123
0.440296
0.440107
0.463157
0.400316
0.410923
0.40853
0.460365
0.449888
0.418004
0.46345
0.478174
0.467402
0.453341
0.416177
0.529829
0.554761
0.626479
0.587499
0.628568
0.58902
0.544186
0.548482
0.602373
0.514072
0.537378
0.549205
0.515224
0.46334
0.493926
0.466336
0.48967
0.53731
0.532862
0.509389
0.474373
0.451922
0.442625
0.441199
0.410692
0.414273
0.403785
0.420025
0.406929
0.424931
0.410349
0.398413
0.416119
0.427384
0.469334
0.483253
0.455989
0.425989
0.416566
0.418484
0.449068
0.432485
0.472032
0.478738
0.506197
0.498681
0.467819
0.456881
0.46917
0.476283
0.443352
0.435328
0.422379
0.418136
0.412693
0.420192
0.424334
0.438065
0.462935
0.4712
0.466808
0.454903
0.471885
0.475676
0.507404
0.448982
0.42163
0.421238
0.459206
0.442139
0.41626
0.420914
0.477661
0.44608
0.43429
0.45895
0.446826
0.442994
0.448871
0.428731
0.439829
0.416557
0.425404
0.433031
0.439293
0.457437
0.431524
0.450079
0.442868
0.437361
0.428779
0.433759
0.473724
0.460809
0.434656
0.436405
0.449134
0.419122
0.447224
0.454574
0.408213
0.420083
0.416872
0.407005
0.401694
0.428867
0.437805
0.471133
0.480714
0.482045
0.479523
0.47431
0.498444
0.48806
0.510856
0.502909
0.461864
0.490554
0.519889
0.48618
0.506971
0.50653
0.519286
0.496116
0.491665
0.402429
0.420443
0.410417
0.392032
0.404569
0.440908
0.43301
0.42007
0.446248
0.408212
0.423376
0.404445
0.420906
0.373936
0.4353
0.46247
0.374384
0.382084
0.400196
0.43749
0.427699
0.448155
0.416272
0.442437
0.432425
0.484745
0.514934
0.446706
0.457079
0.485102
0.445982
0.453744
0.43214
0.409149
0.39902
0.394367
0.38813
0.396997
0.405053
0.421238
0.377182
0.415811
0.382062
0.413625
0.462944
0.433462
0.408455
0.462561
0.425955
0.417299
0.460176
0.407507
0.464211
0.447467
0.460354
0.496743
0.465768
0.505884
0.505038
0.496321
0.430733
0.465709
0.420453
0.382687
0.38194
0.36702
0.364561
0.371547
0.377927
0.358649
0.357978
0.359928
0.359078
0.360816
0.364508
0.375316
0.364547
0.374702
0.360832
0.368849
0.355105
0.362469
0.361805
0.365065
0.370646
0.367367
0.37914
0.398264
0.394484
0.417978
0.433128
0.442407
0.49136
0.466101
0.479114
0.499934
0.498788
0.500999
0.524193
0.449771
0.494884
0.475104
0.43674
0.451403
0.443403
0.416174
0.465847
0.461387
0.491877
0.507862
0.439127
0.388811
0.452091
0.423841
0.448417
0.430779
0.365376
0.389419
0.46337
0.440428
0.432116
0.404194
0.400708
0.400644
0.459062
0.455248
0.442753
0.498003
0.447033
0.423319
0.373847
0.362208
0.366955
0.362345
0.374145
0.40774
0.405363
0.421736
0.439987
0.423548
0.418761
0.433786
0.428344
0.435332
0.435149
0.417484
0.413733
0.408261
0.415243
0.416557
0.420961
0.47493
0.48515
0.500269
0.440012
0.411163
0.422123
0.424508
0.408964
0.419117
0.427297
0.442465
0.499093
0.495415
0.492399
0.477588
0.507351
0.554455
0.567956
0.525669
0.495889
0.4715
0.49826
0.482733
0.485778
0.494612
0.504502
0.546381
0.517713
0.539423
0.591902
0.603241
0.576777
0.538417
0.536544
0.535819
0.489216
0.533392
0.466855
0.498575
0.548448
0.49517
0.534859
0.501214
0.505267
0.482123
0.451725
0.526579
0.439106
0.406037
0.506921
0.522247
0.467066
0.451975
0.526622
0.516347
0.488091
0.439221
0.461932
0.451675
0.467109
0.469748
0.484654
0.423601
0.496689
0.544198
0.508173
0.493753
0.508846
0.481579
0.433891
0.468145
0.482181
0.454123
0.432716
0.466075
0.474375
0.419701
0.417585
0.444249
0.42213
0.436388
0.429348
0.427876
0.393929
0.400422
0.401797
0.425693
0.415746
0.394815
0.398176
0.408079
0.401421
0.424362
0.394919
0.403044
0.409535
0.438101
0.442878
0.447062
0.402349
0.484397
0.410171
0.478201
0.514819
0.485764
0.534552
0.521195
0.518812
0.510069
0.422822
0.461829
0.517943
0.48751
0.46826
0.433781
0.420348
0.434502
0.452319
0.427332
0.472555
0.521095
0.408888
0.431881
0.386113
0.450088
0.496777
0.454704
0.400033
0.472698
0.49273
0.489225
0.518712
0.434214
0.454572
0.401361
0.390916
0.420058
0.452469
0.446789
0.414065
0.412392
0.483242
0.451575
0.43601
0.44676
0.427515
0.410436
0.457424
0.445915
0.447033
0.439777
0.428796
0.438667
0.487555
0.457399
0.453385
0.408973
0.411968
0.463348
0.446104
0.475167
0.48552
0.478015
0.410876
0.428392
0.431601
0.447578
0.475916
0.531195
0.497317
0.489861
0.455183
0.500704
0.455622
0.504663
0.488404
0.451353
0.402238
0.396719
0.43951
0.517127
0.516338
0.514192
0.46277
0.496828
0.479071
0.461357
0.469881
0.488377
0.498786
0.527574
0.477216
0.475502
0.50406
0.517061
0.487715
0.478522
0.493149
0.422226
0.411149
0.424117
0.482088
0.432261
0.408234
0.461507
0.509421
0.414688
0.430706
0.484091
0.468834
0.464818
0.489474
0.448323
0.519612
0.518928
0.505038
0.496301
0.44515
0.42292
0.430965
0.418656
0.381882
0.380025
0.374815
0.365828
0.358984
0.34754
0.355719
0.366018
0.362766
0.37133
0.370825
0.373473
0.380724
0.406788
0.413678
0.399057
0.398445
0.396279
0.408438
0.448141
0.442546
0.451809
0.473921
0.465466
0.470183
0.470995
0.437769
0.422787
0.399134
0.433574
0.432735
0.398647
0.435085
0.428986
0.425246
0.400421
0.367205
0.421867
0.454376
0.361065
0.405269
0.425706
0.427562
0.472438
0.383952
0.375571
0.489992
0.458846
0.490758
0.448036
0.418701
0.457918
0.452288
0.442347
0.44348
0.374731
0.387939
0.43192
0.441182
0.489841
0.413809
0.447707
0.443543
0.431526
0.449397
0.453048
0.418207
0.381777
0.360411
0.398153
0.387264
0.381477
0.378324
0.37066
0.367306
0.373637
0.37017
0.382244
0.373043
0.404639
0.442846
0.469721
0.476556
0.451637
0.473
0.522399
0.495784
0.484555
0.504011
0.517368
0.497314
0.536833
0.502515
0.496991
0.532076
0.526224
0.498147
0.517059
0.479914
0.513214
0.49189
0.53527
0.489433
0.464458
0.534061
0.525046
0.478273
0.517749
0.563352
0.542082
0.544524
0.52117
0.513601
0.508064
0.491287
0.577611
0.579853
0.566282
0.580875
0.567828
0.564487
0.513839
0.527466
0.526576
0.414501
0.432713
0.424867
0.417455
0.367588
0.369551
0.353905
0.368122
0.379635
0.383548
0.377489
0.433804
0.411295
0.423064
0.424753
0.398083
0.376929
0.370267
0.37458
0.382848
0.393228
0.39249
0.402404
0.409809
0.39125
0.396907
0.398382
0.415628
0.437064
0.429507
0.402408
0.390219
0.398936
0.444862
0.443312
0.432716
0.384601
0.409458
0.425883
0.431135
0.439889
0.432388
0.418677
0.402522
0.406979
0.397045
0.440596
0.471321
0.441151
0.431001
0.422168
0.42413
0.451231
0.462392
0.429732
0.411002
0.431446
0.399892
0.382132
0.405592
0.375937
0.40254
0.421585
0.396434
0.446034
0.423165
0.393661
0.385267
0.433248
0.456443
0.44045
0.422197
0.420249
0.410246
0.412463
0.413011
0.394409
0.386822
0.388543
0.397025
0.379912
0.400387
0.421606
0.402221
0.379631
0.377084
0.371332
0.373023
0.376164
0.368245
0.359531
0.352628
0.34401
0.346709
0.343529
0.34775
0.352185
0.342732
0.355613
0.35978
0.368561
0.368145
0.402847
0.404972
0.41402
0.394574
0.387287
0.378211
0.3478
0.352156
0.358293
0.362408
0.348715
0.365405
0.376369
0.381127
0.397207
0.410627
0.394151
0.421439
0.410665
0.434932
0.425517
0.383098
0.385938
0.531092
0.452276
0.40502
0.371201
0.373808
0.372581
0.367745
0.358824
0.368095
0.372122
0.367844
0.365736
0.353998
0.354536
0.357282
0.351648
0.367655
0.381395
0.376827
0.37846
0.383003
0.366387
0.354394
0.35905
0.368722
0.356971
0.358605
0.361566
0.371894
0.405497
0.419236
0.396124
0.422441
0.444955
0.423925
0.431078
0.482535
0.456626
0.410538
0.417152
0.444354
0.432014
0.436923
0.464861
0.453715
0.504024
0.486612
0.372716
0.424022
0.446811
0.44552
0.433344
0.420366
0.453261
0.4044
0.423811
0.401513
0.395261
0.380812
0.380104
0.374075
0.382952
0.357861
0.363967
0.365272
0.370789
0.38978
0.383113
0.376127
0.378026
0.393981
0.382759
0.377843
0.384594
0.384931
0.396476
0.398698
0.357222
0.413502
0.422873
0.43561
0.430611
0.431713
0.43066
0.443467
0.436424
0.431828
0.418906
0.426701
0.430345
0.387943
0.363264
0.354951
0.353644
0.365689
0.37955
0.404347
0.417652
0.37772
0.391545
0.43113
0.397813
0.434106
0.415078
0.391816
0.382803
0.390823
0.380072
0.364575
0.349187
0.3469
0.346921
0.342535
0.350983
0.350071
0.347945
0.336839
0.342445
0.342165
0.35448
0.359509
0.346407
0.343093
0.355096
0.366896
0.354324
0.341497
0.359291
0.359067
0.379579
0.37499
0.409102
0.386173
0.379955
0.367007
0.351085
0.351551
0.348587
0.350124
0.35965
0.380038
0.373088
0.358773
0.36358
0.368089
0.412714
0.422783
0.434885
0.420873
0.372067
0.446973
0.432179
0.40951
0.406937
0.406324
0.450796
0.450934
0.442052
0.459647
0.415426
0.408447
0.406603
0.422835
0.432702
0.485346
0.484143
0.419426
0.507057
0.525838
0.513044
0.458005
0.467894
0.601167
0.588684
0.609702
0.590857
0.587768
0.578103
0.573673
0.57368
0.537827
0.522743
0.536408
0.547638
0.581903
0.542981
0.557542
0.540461
0.548825
0.524591
0.557369
0.517151
0.505225
0.545643
0.488917
0.519186
0.491298
0.488422
0.443906
0.488921
0.541138
0.532055
0.518864
0.519217
0.51237
0.459208
0.464448
0.426603
0.436856
0.479349
0.512737
0.53426
0.517183
0.530469
0.516263
0.522278
0.50368
0.435356
0.450347
0.430875
0.469535
0.535689
0.54536
0.488546
0.458432
0.527463
0.535983
0.515094
0.497644
0.434236
0.479502
0.515893
0.481493
0.446223
0.492423
0.509474
0.509676
0.50091
0.507722
0.539876
0.520042
0.52666
0.537471
0.549487
0.548339
0.556811
0.520207
0.518305
0.526003
0.426148
0.420899
0.401337
0.403458
0.406125
0.398606
0.397407
0.427786
0.420067
0.390591
0.410848
0.422336
0.4195
0.413914
0.417177
0.410216
0.406456
0.421919
0.369022
0.390521
0.419962
0.425145
0.436189
0.419391
0.437329
0.455652
0.473813
0.502316
0.458896
0.465407
0.462845
0.461969
0.428257
0.429222
0.453694
0.433515
0.417121
0.447827
0.414833
0.462364
0.461731
0.508999
0.512198
0.495968
0.456381
0.440534
0.471153
0.424811
0.454656
0.508234
0.49683
0.52819
0.525602
0.503937
0.450721
0.415592
0.413425
0.432672
0.432072
0.408423
0.463808
0.519044
0.528274
0.520103
0.503666
0.506205
0.516106
0.416019
0.471558
0.46571
0.511361
0.522469
0.46728
0.483042
0.490527
0.455196
0.529589
0.537008
0.498975
0.433337
0.429831
0.42696
0.48565
0.503
0.397342
0.403442
0.420448
0.500672
0.52633
0.537374
0.524991
0.528613
0.501981
0.45294
0.492738
0.517403
0.491086
0.502204
0.520928
0.51414
0.459622
0.481093
0.533092
0.532466
0.534816
0.492745
0.531688
0.538133
0.525339
0.498104
0.544828
0.519903
0.492101
0.482371
0.479395
0.452695
0.414105
0.439174
0.445068
0.454237
0.450074
0.440937
0.445422
0.477576
0.501336
0.522582
0.490855
0.461245
0.492515
0.541398
0.554652
0.488885
0.450578
0.484635
0.413945
0.444109
0.448801
0.439227
0.442923
0.450179
0.482884
0.473291
0.525495
0.418408
0.464428
0.486124
0.480627
0.451825
0.428888
0.438769
0.465084
0.457544
0.435634
0.478732
0.454468
0.483854
0.412561
0.516196
0.44631
0.466558
0.408618
0.450798
0.450195
0.428672
0.428451
0.443367
0.423142
0.393086
0.379757
0.400115
0.372257
0.371181
0.360558
0.373003
0.37681
0.375015
0.377461
0.387438
0.398289
0.393569
0.406187
0.38152
0.388725
0.399991
0.418507
0.401054
0.381781
0.380365
0.382872
0.387529
0.397005
0.387604
0.380216
0.392716
0.391981
0.409906
0.383813
0.402612
0.374624
0.368989
0.366685
0.377886
0.384803
0.380937
0.395741
0.384373
0.401625
0.408648
0.419583
0.396247
0.393209
0.416572
0.468925
0.464732
0.44222
0.409815
0.431766
0.423604
0.415204
0.435364
0.44571
0.440957
0.404623
0.430639
0.401854
0.435348
0.417788
0.409633
0.423628
0.400781
0.389805
0.412027
0.435166
0.429541
0.462957
0.444237
0.441298
0.447834
0.420478
0.44359
0.481846
0.476979
0.481876
0.464086
0.429181
0.425321
0.389558
0.41957
0.489235
0.472951
0.482255
0.463507
0.517125
0.47639
0.487725
0.484131
0.465108
0.471244
0.442551
0.436962
0.456468
0.465715
0.438056
0.46685
0.460639
0.446131
0.48546
0.503584
0.476247
0.477801
0.449475
0.50373
0.441345
0.466319
0.468296
0.453074
0.465883
0.454193
0.454068
0.402023
0.395746
0.388972
0.397134
0.418167
0.450983
0.448262
0.431246
0.444408
0.42595
0.420561
0.429404
0.405446
0.424746
0.428551
0.445826
0.462641
0.46439
0.463168
0.469523
0.455381
0.487234
0.418696
0.436496
0.439129
0.434161
0.495924
0.509899
0.437712
0.453593
0.442185
0.466801
0.444557
0.482726
0.468552
0.47403
0.489012
0.4928
0.437791
0.460078
0.479187
0.446869
0.498147
0.514291
0.47956
0.482933
0.455554
0.462521
0.479087
0.462712
0.438866
0.416325
0.403219
0.396532
0.410837
0.424714
0.437685
0.440344
0.412807
0.391987
0.399568
0.386411
0.37619
0.372016
0.378887
0.389773
0.411847
0.434675
0.475956
0.473101
0.490833
0.496185
0.498539
0.481651
0.469761
0.431359
0.48165
0.466812
0.448928
0.473764
0.462664
0.41684
0.438817
0.438352
0.414426
0.436109
0.468687
0.489106
0.524429
0.545303
0.537421
0.596993
0.575166
0.543945
0.567864
0.604413
0.558148
0.562187
0.520369
0.394318
0.41779
0.359866
0.397776
0.393831
0.389361
0.371756
0.385566
0.422913
0.409415
0.364524
0.365467
0.375454
0.37847
0.37923
0.373898
0.359824
0.362647
0.347105
0.353839
0.357644
0.369086
0.402191
0.406966
0.388785
0.368471
0.349844
0.348044
0.360838
0.353815
0.344833
0.34669
0.345776
0.352293
0.352134
0.354896
0.35778
0.347775
0.335168
0.349014
0.357418
0.342182
0.351234
0.35258
0.350706
0.336449
0.344343
0.351366
0.375856
0.344199
0.343892
0.353775
0.361037
0.359699
0.373264
0.392328
0.405574
0.397338
0.38307
0.373649
0.380113
0.361917
0.361985
0.360562
0.365753
0.360229
0.370471
0.387869
0.390914
0.400704
0.399554
0.386183
0.368286
0.369494
0.36424
0.363403
0.393933
0.423088
0.451374
0.430984
0.44891
0.433286
0.457157
0.40995
0.445248
0.446998
0.435629
0.404068
0.450525
0.424543
0.44699
0.445726
0.43131
0.405912
0.402079
0.410356
0.434698
0.462583
0.458649
0.465648
0.440119
0.412665
0.410049
0.438094
0.42265
0.41145
0.42014
0.433854
0.456674
0.41133
0.42654
0.43368
0.435592
0.413507
0.394176
0.415884
0.418028
0.454551
0.477075
0.502435
0.492702
0.499272
0.48778
0.508184
0.486135
0.551138
0.478056
0.530218
0.517392
0.558179
0.506863
0.524074
0.512927
0.526822
0.527914
0.482029
0.542973
0.511566
0.444327
0.419606
0.410423
0.415498
0.392543
0.472425
0.460865
0.45185
0.495082
0.478751
0.462124
0.522275
0.451823
0.482783
0.550873
0.568695
0.545742
0.488841
0.499226
0.482958
0.497
0.496894
0.530794
0.472881
0.452026
0.450724
0.465444
0.469302
0.495377
0.509493
0.499248
0.513364
0.497794
0.470578
0.505259
0.453872
0.489043
0.483776
0.427157
0.454745
0.439652
0.443165
0.478678
0.457818
0.450387
0.455116
0.497795
0.465912
0.427924
0.37907
0.391736
0.452168
0.45788
0.499452
0.478019
0.479411
0.406136
0.527716
0.503121
0.477559
0.477144
0.467689
0.468127
0.459873
0.450173
0.440777
0.453831
0.458504
0.428604
0.440525
0.437881
0.447826
0.413363
0.403055
0.407137
0.423829
0.45686
0.49254
0.483218
0.395552
0.454027
0.508405
0.482484
0.489442
0.53403
0.543843
0.542041
0.525212
0.535406
0.506971
0.457592
0.507057
0.509823
0.538278
0.541531
0.410827
0.439909
0.448722
0.450075
0.42771
0.467444
0.515369
0.495267
0.507531
0.466931
0.532948
0.522083
0.486387
0.540605
0.522347
0.438565
0.491051
0.501584
0.517867
0.527753
0.519277
0.489404
0.474119
0.465283
0.518776
0.520186
0.532844
0.548894
0.475192
0.508398
0.468918
0.453726
0.439658
0.471285
0.506802
0.54997
0.49429
0.506704
0.489445
0.52669
0.544005
0.562085
0.552891
0.51425
0.511262
0.460555
0.503494
0.460035
0.459643
0.432152
0.416756
0.417101
0.456474
0.411996
0.380769
0.37588
0.374497
0.372468
0.373361
0.377454
0.379536
0.387176
0.396071
0.393619
0.401443
0.418526
0.413556
0.389761
0.386398
0.39477
0.383798
0.385519
0.404561
0.391872
0.427566
0.448551
0.46689
0.465428
0.422763
0.393691
0.393053
0.389299
0.388968
0.390253
0.397351
0.387492
0.388958
0.391968
0.412152
0.418775
0.402943
0.412424
0.412738
0.401624
0.376663
0.371768
0.380429
0.383611
0.398799
0.391221
0.409601
0.391877
0.391399
0.419304
0.434432
0.409921
0.40935
0.428111
0.425876
0.409191
0.421523
0.41001
0.43659
0.43118
0.426915
0.433419
0.428313
0.422526
0.393218
0.388938
0.377833
0.375747
0.364719
0.361389
0.402034
0.411433
0.395579
0.375205
0.357854
0.377806
0.400557
0.406467
0.438517
0.427317
0.424525
0.417635
0.383733
0.416244
0.381927
0.372136
0.359836
0.375202
0.362405
0.359808
0.35923
0.364185
0.360988
0.360773
0.372015
0.365098
0.361498
0.375662
0.350983
0.359612
0.36795
0.361849
0.364424
0.38419
0.386877
0.395076
0.406714
0.39518
0.388116
0.365706
0.362327
0.361357
0.344843
0.358156
0.366832
0.360451
0.351952
0.357667
0.360098
0.355263
0.365629
0.362562
0.365693
0.371152
0.371815
0.364616
0.362602
0.352077
0.359745
0.37818
0.380669
0.388834
0.400521
0.381747
0.390924
0.393124
0.393332
0.401572
0.413798
0.43744
0.460225
0.489234
0.507981
0.463822
0.433482
0.420801
0.404674
0.459577
0.405523
0.382649
0.396766
0.38663
0.383298
0.382801
0.367879
0.383639
0.400048
0.396457
0.398366
0.405165
0.426674
0.412403
0.395062
0.380974
0.389217
0.402035
0.381824
0.413428
0.419806
0.415253
0.460403
0.448821
0.453974
0.402532
0.444984
0.454385
0.477036
0.491786
0.516305
0.448885
0.410661
0.400672
0.41172
0.397042
0.394002
0.405271
0.394614
0.404257
0.382744
0.411617
0.408249
0.416844
0.439073
0.449069
0.456465
0.463775
0.417162
0.418019
0.420034
0.447319
0.408207
0.42005
0.392205
0.407185
0.388382
0.390021
0.387193
0.386318
0.407012
0.394222
0.391206
0.373571
0.380495
0.392726
0.451658
0.374085
0.372099
0.385487
0.384696
0.381091
0.410629
0.405565
0.394499
0.386276
0.388011
0.382387
0.382852
0.452025
0.400641
0.3857
0.385082
0.377192
0.38421
0.371227
0.367402
0.394698
0.377964
0.392267
0.411757
0.444766
0.470603
0.484969
0.445511
0.400149
0.387461
0.438575
0.433287
0.382781
0.402395
0.477495
0.438048
0.460194
0.434701
0.455253
0.408652
0.398145
0.423278
0.388023
0.38397
0.382407
0.403358
0.401684
0.431081
0.392142
0.384818
0.388146
0.386031
0.397188
0.389399
0.386486
0.382695
0.376973
0.398341
0.395833
0.389982
0.395022
0.398285
0.384196
0.367819
0.374655
0.363934
0.368325
0.367214
0.365199
0.371555
0.373899
0.374572
0.369287
0.373712
0.368922
0.352702
0.368141
0.361274
0.35803
0.357065
0.364562
0.361853
0.361707
0.368497
0.352519
0.358838
0.361079
0.353003
0.371034
0.376351
0.361339
0.370594
0.371231
0.374652
0.36579
0.355767
0.3559
0.355323
0.361268
0.363535
0.361566
0.35844
0.360488
0.352575
0.359878
0.350227
0.351276
0.363598
0.35786
0.360378
0.354345
0.355675
0.369272
0.357887
0.362302
0.359899
0.367806
0.35644
0.360276
0.3594
0.364119
0.364556
0.365482
0.364545
0.362236
0.3565
0.360222
0.357519
0.355236
0.356909
0.363027
0.364675
0.36533
0.3753
0.381998
0.357552
0.370653
0.380147
0.382009
0.37841
0.36394
0.373264
0.363721
0.354355
0.363444
0.354422
0.362291
0.366536
0.382836
0.399192
0.410091
0.422199
0.417487
0.415933
0.395966
0.387721
0.408521
0.40902
0.396822
0.40394
0.403511
0.397539
0.421843
0.417845
0.417449
0.396223
0.380134
0.379925
0.380339
0.356924
0.37425
0.377236
0.375623
0.379986
0.364705
0.397992
0.391728
0.441613
0.443138
0.397731
0.408407
0.361216
0.362239
0.372967
0.392147
0.392607
0.403161
0.412438
0.389784
0.401866
0.397006
0.395805
0.391687
0.37685
0.391352
0.393875
0.385543
0.392106
0.402317
0.37561
0.372887
0.358925
0.37559
0.375838
0.35861
0.355487
0.360158
0.375641
0.392092
0.431468
0.411943
0.369533
0.357518
0.368463
0.366725
0.376859
0.376703
0.381112
0.376074
0.397494
0.40466
0.423787
0.431587
0.425955
0.4517
0.460282
0.427939
0.41062
0.403255
0.424642
0.388693
0.375991
0.358637
0.359371
0.369849
0.363048
0.369676
0.373127
0.386644
0.391715
0.39172
0.43453
0.392585
0.386414
0.369535
0.363762
0.367815
0.363701
0.365595
0.361804
0.36552
0.355838
0.356389
0.361066
0.359008
0.353615
0.35127
0.353785
0.350847
0.363981
0.385195
0.389777
0.388995
0.384209
0.463403
0.468889
0.446817
0.407176
0.395519
0.39425
0.394558
0.380906
0.403155
0.380558
0.398704
0.369322
0.412993
0.407162
0.41616
0.430067
0.392975
0.400812
0.396325
0.409232
0.417813
0.422194
0.420001
0.40717
0.421403
0.420092
0.406392
0.409041
0.409594
0.416212
0.389452
0.414964
0.391494
0.387764
0.381596
0.370872
0.388849
0.39122
0.391448
0.378019
0.391533
0.409405
0.384187
0.402668
0.395076
0.396253
0.385241
0.38654
0.379324
0.375078
0.39128
0.368683
0.367175
0.371457
0.364858
0.388162
0.367652
0.358614
0.365741
0.367372
0.36496
0.374738
0.372103
0.380721
0.379601
0.394666
0.371963
0.368387
0.361863
0.374567
0.368498
0.375743
0.387908
0.387408
0.390394
0.383547
0.394262
0.399471
0.42541
0.449027
0.410119
0.439501
0.447935
0.416131
0.449698
0.409138
0.403944
0.433211
0.408784
0.391598
0.376151
0.44557
0.489147
0.453237
0.541385
0.558029
0.537744
0.493456
0.556985
0.440053
0.396807
0.385151
0.392858
0.397339
