0.54497
0.49921
0.488717
0.47849
0.476108
0.473461
0.495602
0.471155
0.477321
0.48008
0.469503
0.474545
0.452332
0.467021
0.448954
0.450178
0.454014
0.447827
0.393581
0.440761
0.434037
0.412067
0.394372
0.405272
0.389419
0.382218
0.363148
0.359893
0.385358
0.359983
0.365119
0.38493
0.384657
0.391531
0.406729
0.388587
0.361046
0.377817
0.348959
0.352138
0.419309
0.430668
0.411922
0.416924
0.408509
0.416064
0.44138
0.448402
0.472282
0.410894
0.426725
0.39526
0.412865
0.382724
0.391102
0.401291
0.404615
0.417777
0.411662
0.375518
0.345746
0.341997
0.357565
0.349422
0.375198
0.465263
0.469596
0.430414
0.412669
0.421576
0.379984
0.378137
0.393405
0.423108
0.429321
0.462505
0.429741
0.420886
0.410945
0.38225
0.401035
0.420713
0.406687
0.446756
0.427417
0.407555
0.456287
0.426061
0.384142
0.404662
0.420497
0.402667
0.435228
0.452373
0.429083
0.396187
0.375352
0.406633
0.385181
0.428012
0.438955
0.383393
0.356867
0.39803
0.365343
0.397391
0.400593
0.416918
0.392332
0.440392
0.433683
0.384232
0.362257
0.367631
0.378054
0.443163
0.430093
0.419634
0.428597
0.385281
0.412183
0.431818
0.428971
0.39063
0.383599
0.457022
0.397067
0.376041
0.453752
0.441464
0.405711
0.404731
0.371855
0.350147
0.369664
0.360552
0.385606
0.392645
0.360536
0.369928
0.394909
0.365235
0.364422
0.371145
0.39692
0.408686
0.398752
0.390379
0.366104
0.367307
0.351021
0.357342
0.385609
0.342167
0.382394
0.380453
0.412504
0.391245
0.411875
0.373981
0.354933
0.376125
0.446484
0.438083
0.396229
0.388922
0.392758
0.430998
0.451689
0.457159
0.47646
0.508869
0.36884
0.404591
0.380568
0.449911
0.457687
0.460174
0.393381
0.374306
0.377915
0.385753
0.382094
0.381651
0.412806
0.377662
0.433312
0.414727
0.431658
0.450127
0.495827
0.462269
0.423711
0.423529
0.392314
0.399616
0.408008
0.390495
0.395944
0.414298
0.378101
0.357574
0.354397
0.344166
0.351315
0.356544
0.366201
0.386052
0.357602
0.361838
0.385867
0.373201
0.386499
0.374674
0.391768
0.400098
0.434669
0.477572
0.437678
0.402295
0.420019
0.415112
0.420206
0.383236
0.355773
0.375402
0.383803
0.376382
0.393603
0.389205
0.360671
0.347336
0.359089
0.391921
0.38055
0.356408
0.388133
0.384356
0.43372
0.423055
0.393346
0.371182
0.434944
0.451269
0.506689
0.474602
0.508466
0.454735
0.386128
0.398861
0.388282
0.372314
0.390902
0.411373
0.350255
0.350714
0.3455
0.387172
0.418595
0.384833
0.356241
0.39757
0.406594
0.359843
0.353614
0.345318
0.355749
0.360754
0.377563
0.382013
0.40537
0.366245
0.401699
0.3752
0.393689
0.357698
0.357242
0.362546
0.378565
0.369543
0.366034
0.368867
0.394173
0.373922
0.355801
0.352351
0.37601
0.380713
0.355016
0.381101
0.355278
0.345387
0.345058
0.386439
0.384452
0.375497
0.390356
0.376895
0.4007
0.390131
0.360918
0.372414
0.354807
0.373397
0.364881
0.375206
0.372497
0.36364
0.360055
0.370644
0.420754
0.413099
0.405078
0.509015
0.42276
0.420898
0.409815
0.375777
0.408006
0.394076
0.352888
0.353803
0.348699
0.346571
0.39464
0.399412
0.392887
0.387519
0.389746
0.362512
0.392829
0.403357
0.378233
0.393527
0.373094
0.392855
0.396847
0.403405
0.401092
0.405235
0.401109
0.374695
0.348743
0.365734
0.366648
0.365555
0.383619
0.366218
0.356867
0.35536
0.357136
0.374388
0.386382
0.386441
0.372792
0.371632
0.373425
0.379963
0.390452
0.369396
0.445458
0.437903
0.433055
0.447385
0.407372
0.388216
0.409768
0.443507
0.412154
0.402294
0.416861
0.372775
0.365722
0.384099
0.44184
0.448465
0.442035
0.483113
0.472835
0.42936
0.438581
0.43099
0.389833
0.409153
0.430362
0.416067
0.390869
0.386758
0.407639
0.402442
0.468558
0.468348
0.456456
0.429608
0.460332
0.45373
0.396781
0.359579
0.400431
0.364483
0.371851
0.348309
0.346743
0.373788
0.382298
0.370211
0.370101
0.367582
0.3804
0.39218
0.404033
0.358129
0.348652
0.366822
0.373723
0.345976
0.399088
0.413519
0.408391
0.369612
0.372762
0.37727
0.366182
0.368174
0.366568
0.373917
0.381153
0.392234
0.403624
0.37177
0.382164
0.377351
0.396524
0.427789
0.382641
0.40601
0.440473
0.414545
0.396237
0.439574
0.460757
0.552994
0.463692
0.448074
0.361232
0.364231
0.354101
0.371889
0.36778
0.403857
0.408335
0.40951
0.425415
0.401801
0.405436
0.395868
0.398858
0.435204
0.425331
0.399975
0.409314
0.3786
0.418187
0.430249
0.435753
0.428677
0.484998
0.450934
0.366944
0.358433
0.34652
0.364051
0.365757
0.382301
0.372097
0.417055
0.486898
0.438561
0.413317
0.383059
0.366554
0.367097
0.371375
0.356218
0.364416
0.36657
0.367492
0.446656
0.432181
0.4011
0.388955
0.436186
0.41842
0.376577
0.38446
0.469272
0.43393
0.455532
0.480087
0.4552
0.38359
0.4342
0.434881
0.419689
0.360619
0.396286
0.440404
0.43496
0.420672
0.429063
0.389732
0.389157
0.418096
0.402864
0.429295
0.370416
0.396878
0.404143
0.387116
0.388274
0.375183
0.39729
0.388562
0.383044
0.388052
0.350408
0.383531
0.363047
0.372189
0.361071
0.3708
0.386768
0.403403
0.398915
0.415251
0.392134
0.369313
0.366551
0.343468
0.349899
0.389807
0.389166
0.404374
0.415646
0.406335
0.403058
0.430583
0.400074
0.42446
0.50252
0.547127
0.408634
0.391452
0.399048
0.357137
0.356952
0.39026
0.390807
0.38919
0.372014
0.362465
0.37036
0.357255
0.441248
0.441605
0.412928
0.392473
0.400627
0.400081
0.393284
0.370564
0.399785
0.39273
0.385687
0.406893
0.416751
0.433894
0.443806
0.43723
0.439346
0.403397
0.358289
0.390702
0.417084
0.404593
0.446245
0.406735
0.388187
0.441535
0.43965
0.453509
0.513715
0.488193
0.540823
0.554041
0.439741
0.416608
0.435668
0.378769
0.444038
0.417568
0.396913
0.386569
0.404144
0.396403
0.416554
0.405494
0.416621
0.413115
0.425192
0.439038
0.397055
0.363159
0.345521
0.372206
0.384719
0.388739
0.356398
0.436222
0.477377
0.419893
0.425348
0.467182
0.371392
0.399141
0.419207
0.387549
0.410869
0.408055
0.438009
0.451576
0.456102
0.389938
0.379803
0.412856
0.423868
0.407445
0.432012
0.43469
0.462599
0.437879
0.45506
0.523297
0.549503
0.43158
0.41333
0.424244
0.427384
0.400293
0.428294
0.409487
0.361065
0.357508
0.375801
0.386643
0.416806
0.400001
0.359635
0.371241
0.453004
0.44905
0.380755
0.400988
0.480642
0.497659
0.499528
0.505477
0.461415
0.445417
0.433466
0.374209
0.380021
0.388901
0.370331
0.366782
0.405414
0.371283
0.357489
0.381904
0.363228
0.385905
0.390604
0.427974
0.429331
0.46771
0.456623
0.409416
0.447771
0.404756
0.434159
0.443966
0.44832
0.451792
0.455967
0.404031
0.412788
0.38954
0.359515
0.37494
0.369797
0.386591
0.383658
0.409062
0.386525
0.377993
0.374168
0.40545
0.449583
0.47329
0.438168
0.436225
0.356557
0.38455
0.39584
0.399313
0.380557
0.35271
0.380565
0.362612
0.358179
0.351868
0.349893
0.369968
0.383155
0.414898
0.395932
0.388021
0.399451
0.420607
0.441999
0.463674
0.46115
0.437793
0.437717
0.474547
0.490086
0.411848
0.44722
0.508094
0.420767
0.405718
0.419093
0.42207
0.420208
0.392584
0.381844
0.370329
0.403889
0.404524
0.400198
0.398929
0.412878
0.353145
0.344421
0.372042
0.34498
0.344334
0.344137
0.342673
0.377236
0.379131
0.373133
0.360918
0.344745
0.344991
0.34609
0.36097
0.390663
0.397119
0.430545
0.379384
0.363895
0.384015
0.43528
0.4955
0.41288
0.439149
0.381937
0.35266
0.387248
0.399343
0.39134
0.376073
0.345364
0.363214
0.352721
0.395234
0.396292
0.408401
0.396602
0.39476
0.39499
0.409371
0.433433
0.414715
0.451815
0.453964
0.397524
0.376388
0.36065
0.378107
0.427403
0.446354
0.461537
0.420542
0.481751
0.484452
0.508805
0.423608
0.412183
0.419057
0.432712
0.42518
0.390374
0.381307
0.442708
0.435979
0.404596
0.384105
0.405801
0.384474
0.391468
0.414242
0.40908
0.443094
0.444501
0.454888
0.416732
0.482686
0.441301
0.442288
0.429495
0.429381
0.415004
0.457202
0.42713
0.389361
0.409714
0.440372
0.569551
0.503022
0.419932
0.440231
0.46534
0.445557
0.448065
0.437172
0.444693
0.425668
0.482237
0.477085
0.416951
0.451989
0.407731
0.444156
0.432082
0.366147
0.371052
0.472296
0.461831
0.421985
0.420778
0.412751
0.439827
0.444419
0.505854
0.542317
0.503403
0.474488
0.483672
0.447384
0.410998
0.42325
0.496423
0.4504
0.432894
0.443567
0.444273
0.483063
0.466238
0.492383
0.442111
0.481066
0.378792
0.387577
0.447259
0.415981
0.434035
0.433346
0.41624
0.39076
0.496444
0.506733
0.522003
0.545448
0.393966
0.396346
0.414779
0.421335
0.418443
0.401908
0.377836
0.358273
0.374108
0.400877
0.397349
0.366588
0.373437
0.433651
0.447439
0.390796
0.380269
0.415497
0.39418
0.40361
0.351063
0.351969
0.369095
0.38811
0.429984
0.462459
0.56108
0.537346
0.495271
0.487969
0.49745
0.509128
0.462491
0.422324
0.444188
0.477929
0.466335
0.491135
0.463625
0.498085
0.514652
0.474147
0.492121
0.45853
0.453163
0.453857
0.394248
0.389616
0.390308
0.384255
0.420106
0.425771
0.423544
0.457105
0.462493
0.459762
0.422426
0.448658
0.453612
0.477254
0.441801
0.400296
0.472023
0.44973
0.558135
0.388337
0.370281
0.358963
0.349758
0.353715
0.377553
0.37932
0.432947
0.425563
0.43391
0.426733
0.501251
0.514599
0.449728
0.51228
0.482312
0.462261
0.450371
0.469871
0.432145
0.486053
0.499221
0.484118
0.502419
0.49084
0.522755
0.457341
0.384241
0.403644
0.408202
0.39757
0.406876
0.421915
0.381148
0.404241
0.363864
0.376668
0.362235
0.363024
0.39403
0.441445
0.39373
0.410651
0.447116
0.40753
0.423253
0.390657
0.389404
0.426593
0.424612
0.394332
0.384257
0.368342
0.360414
0.364871
0.358253
0.361083
0.360433
0.37256
0.387564
0.405383
0.379005
0.39516
0.394488
0.372841
0.381908
0.422445
0.376948
0.378353
0.360329
0.411031
0.401162
0.415032
0.38878
0.39074
0.36837
0.375261
0.409436
0.42544
0.462927
0.42399
0.386981
0.414148
0.392799
0.385489
0.390262
0.394829
0.396285
