0.516389
0.566212
0.57794
0.499092
0.462517
0.534692
0.480406
0.442761
0.490232
0.471375
0.50259
0.481968
0.460239
0.433204
0.485425
0.49705
0.507442
0.489988
0.48572
0.471735
0.456707
0.501741
0.46604
0.460964
0.483718
0.483022
0.488334
0.457374
0.469646
0.483838
0.470817
0.472536
0.458793
0.445763
0.423675
0.490245
0.474512
0.45095
0.454436
0.443696
0.458953
0.431096
0.477
0.456673
0.432358
0.453384
0.46022
0.402161
0.384334
0.403249
0.410256
0.445605
0.474824
0.463477
0.400713
0.410098
0.408907
0.413617
0.387248
0.39617
0.416508
0.388576
0.410326
0.407295
0.377303
0.394533
0.397308
0.369082
0.369144
0.369237
0.347912
0.351291
0.361856
0.37491
0.384115
0.38764
0.377611
0.354813
0.351529
0.368597
0.363014
0.373776
0.389452
0.385116
0.381205
0.393678
0.378908
0.395013
0.390598
0.404137
0.393423
0.413996
0.411414
0.375181
0.371231
0.350585
0.367367
0.382019
0.383285
0.357089
0.346723
0.352464
0.345663
0.347363
0.364823
0.390925
0.429414
0.470739
0.40845
0.434118
0.42038
0.412395
0.402747
0.421355
0.420995
0.381709
0.408473
0.408536
0.414454
0.426211
0.415917
0.413238
0.426617
0.450395
0.441859
0.411352
0.467886
0.492102
0.467808
0.478892
0.411593
0.380834
0.438868
0.453313
0.418058
0.387334
0.379039
0.419309
0.407171
0.418949
0.407515
0.386501
0.377312
0.395384
0.381501
0.392079
0.385178
0.430316
0.388646
0.408037
0.398563
0.406684
0.415093
0.432497
0.416452
0.410416
0.397141
0.373965
0.366098
0.354178
0.340735
0.338164
0.338987
0.344445
0.369664
0.357323
0.341021
0.344698
0.355331
0.365187
0.356161
0.400333
0.467601
0.462852
0.470047
0.464703
0.4754
0.45051
0.406749
0.433523
0.420318
0.411099
0.418486
0.426983
0.412221
0.40316
0.369424
0.366949
0.377296
0.382807
0.382937
0.402446
0.391814
0.406969
0.441346
0.408172
0.439143
0.43893
0.477073
0.467272
0.443298
0.433428
0.41737
0.410136
0.410937
0.439939
0.429908
0.402739
0.380689
0.36655
0.397922
0.394815
0.407444
0.392724
0.42026
0.439104
0.416709
0.413695
0.392287
0.44058
0.467963
0.442922
0.463122
0.382503
0.404298
0.408189
0.407421
0.43895
0.459893
0.483815
0.43509
0.391585
0.353241
0.394863
0.433658
0.399136
0.393226
0.38913
0.428862
0.431917
0.374497
0.401482
0.44259
0.449501
0.427398
0.491178
0.423296
0.44315
0.431332
0.433317
0.396606
0.403061
0.386994
0.357107
0.380018
0.396656
0.417574
0.405003
0.379187
0.359366
0.427221
0.447277
0.396076
0.429722
0.433132
0.462852
0.40157
0.381811
0.35987
0.352183
0.359107
0.379886
0.406007
0.397364
0.374155
0.355518
0.368225
0.382591
0.423948
0.41171
0.406665
0.379295
0.427371
0.422792
0.385422
0.393152
0.400328
0.42883
0.444426
0.449873
0.418113
0.431611
0.436692
0.380722
0.355623
0.349109
0.37282
0.386632
0.36573
0.355179
0.35291
0.375664
0.436132
0.452618
0.427092
0.421661
0.40431
0.427186
0.459382
0.442331
0.423644
0.412721
0.429664
0.438419
0.407455
0.367612
0.386456
0.429573
0.42497
0.385365
0.397181
0.459848
0.435065
0.435681
0.425421
0.42993
0.378938
0.36089
0.36435
0.396345
0.431801
0.420085
0.503759
0.436973
0.372077
0.366821
0.381068
0.370791
0.44236
0.453167
0.443879
0.441751
0.450538
0.411966
0.400692
0.419545
0.404331
0.412644
0.381617
0.374455
0.368036
0.354023
0.349665
0.353603
0.36296
0.379612
0.360533
0.352903
0.375951
0.375597
0.3983
0.378794
0.389992
0.401171
0.375227
0.35444
0.343713
0.371274
0.375205
0.398969
0.392328
0.391398
0.368183
0.361525
0.359712
0.36467
0.366226
0.354977
0.374522
0.3947
0.390513
0.408319
0.399655
0.416898
0.406728
0.397655
0.40134
0.392132
0.3921
0.382531
0.370648
0.361276
0.369104
0.373243
0.359189
0.3401
0.349725
0.367427
0.357
0.352042
0.379342
0.392482
0.374643
0.341736
0.342386
0.352342
0.385268
0.397678
0.379456
0.372551
0.395697
0.409999
0.423397
0.397787
0.402115
0.377937
0.416981
0.404426
0.404059
0.363783
0.372057
0.356957
0.348771
0.363183
0.363429
0.389823
0.437736
0.427766
0.473909
0.491598
0.393631
0.387083
0.402969
0.399411
0.407869
0.374092
0.382177
0.408423
0.377333
0.403112
0.431973
0.463594
0.463027
0.445668
0.445852
0.46022
0.455456
0.459244
0.488073
0.490849
0.537268
0.496026
0.368867
0.365865
0.382144
0.392378
0.419235
0.392454
0.372046
0.38738
0.437133
0.460924
0.478475
0.427322
0.487551
0.478199
0.463665
0.417728
0.393272
0.378768
0.368205
0.385979
0.366038
0.363294
0.383392
0.400081
0.386211
0.382277
0.391549
0.375922
0.367543
0.375279
0.398064
0.430552
0.403502
0.387253
0.360803
0.394905
0.426473
0.442003
0.414598
0.417423
0.405893
0.447293
0.421821
0.432033
0.436146
0.457979
0.45634
0.490073
0.503914
0.449216
0.489619
0.467253
0.432331
0.416812
0.408695
0.415625
0.439933
0.402966
0.393452
0.395847
0.403683
0.390956
0.408046
0.396922
0.417162
0.388457
0.383978
0.402126
0.37694
0.414847
0.44228
0.406831
0.370709
0.404963
0.357146
0.361054
0.360574
0.348194
0.350112
0.361614
0.345324
0.342653
0.34587
0.343652
0.356487
0.365161
0.350423
0.365316
0.345397
0.349973
0.355489
0.378814
0.377112
0.387291
0.392399
0.366654
0.345847
0.352892
0.359772
0.367188
0.387766
0.379513
0.379451
0.36308
0.387707
0.392924
0.399159
0.365301
0.380286
0.369072
0.366048
0.393589
0.404587
0.382043
0.39771
0.444178
0.42661
0.431035
0.464497
0.480047
0.475234
0.488442
0.416623
0.387866
0.386606
0.408874
0.438916
0.427849
0.401927
0.39925
0.422967
0.424658
0.417589
0.424728
0.389462
0.395248
0.357532
0.349961
0.359778
0.36008
0.371499
0.394335
0.401444
0.37317
0.375107
0.375685
0.371354
0.399524
0.393318
0.379729
0.384879
0.400282
0.386019
0.35925
0.346293
0.349852
0.343204
0.347582
0.358835
0.365992
0.366076
0.407796
0.398158
0.399475
0.368314
0.355287
0.351452
0.361081
0.404136
0.372319
0.397909
0.374142
0.38172
0.383771
0.428346
0.472597
0.415956
0.43623
0.418279
0.397765
0.380006
0.373562
0.367644
0.384383
0.412337
0.467484
0.464872
0.446047
0.436459
0.48668
0.538656
0.484415
0.51471
0.4514
0.462737
0.504615
0.526274
0.500673
0.452289
0.403632
0.373808
0.385545
0.393739
0.394624
0.410415
0.412862
0.3836
0.362372
0.368471
0.376641
0.384488
0.373262
0.409653
0.430734
0.411921
0.374575
0.35601
0.34328
0.354129
0.3513
0.346347
0.348382
0.342609
0.350767
0.366869
0.41056
0.41232
0.416328
0.427424
0.406231
0.382191
0.356596
0.35839
0.3508
0.365421
0.3865
0.406204
0.402199
0.412759
0.392524
0.415519
0.392906
0.351818
0.348893
0.350655
0.353059
0.353134
0.343004
0.34769
0.343574
0.355903
0.37277
0.362565
0.352862
0.391173
0.36661
0.375007
0.371955
0.386073
0.401548
0.417914
0.392538
0.372983
0.365971
0.37034
0.399909
0.413485
0.382679
0.372117
0.370244
0.39767
0.400042
0.376843
0.355426
0.35164
0.349466
0.353955
0.374735
0.368056
0.35404
0.357294
0.389194
0.384516
0.368552
0.362661
0.383087
0.361884
0.360813
0.369653
0.360594
0.388721
0.387217
0.399473
0.372557
0.366605
0.385685
0.36483
0.351146
0.34251
0.343668
0.364969
0.387819
0.364162
0.377021
0.376438
0.387145
0.363063
0.355544
0.34982
0.370141
0.401103
0.368313
0.352325
0.353692
0.343791
0.345911
0.34611
0.342373
0.348694
0.351217
0.391504
0.413277
0.397677
0.373112
0.367951
0.382721
0.373403
0.398498
0.377867
0.398685
0.374455
0.372182
0.37934
0.413585
0.407224
0.400106
0.37822
0.365723
0.35789
0.364546
0.392003
0.367681
0.344983
0.342285
0.369899
0.358484
0.398698
0.355756
0.352343
0.372148
0.393361
0.387831
0.349292
0.357573
0.393265
0.363637
0.360022
0.367172
0.373138
0.349408
0.357605
0.36113
0.378932
0.402857
0.424558
0.436927
0.409801
0.417468
0.392116
0.398836
0.41778
0.520817
0.529896
0.450997
0.437456
0.398114
0.422195
0.436107
0.403725
0.388699
0.410602
0.435851
0.374548
0.356429
0.404937
0.418054
0.394961
0.432197
0.374532
0.351795
0.348792
0.358211
0.353409
0.353741
0.35254
0.347648
0.352202
0.344678
0.346269
0.346962
0.354182
0.408463
0.426656
0.395124
0.399549
0.393389
0.385104
0.403497
0.403742
0.3748
0.384916
0.373619
0.400295
0.383362
0.362191
0.365448
0.352161
0.368098
0.384346
0.409778
0.402514
0.410109
0.384945
0.382932
0.37107
0.388743
0.406033
0.378879
0.368417
0.37296
0.392067
0.389851
0.395235
0.415953
0.380784
0.390037
0.41006
0.406115
0.407192
0.390166
0.410045
0.40553
0.401379
0.403132
0.409421
0.392988
0.386467
0.364593
0.350967
0.342588
0.358085
0.364647
0.369359
0.359488
0.371979
0.364182
0.355453
0.3745
0.369991
0.384215
0.389143
0.36607
0.375704
0.355559
0.349856
0.358994
0.367111
0.356038
0.344134
0.343964
0.365611
0.374763
0.377232
0.370814
0.376766
0.391249
0.402648
0.377522
0.389313
0.39058
0.362463
0.367611
0.383929
0.357952
0.352228
0.387593
0.377853
0.394388
0.368226
0.407939
0.384644
0.372139
0.359291
0.374204
0.408202
0.444747
0.461131
0.454189
0.443441
0.406237
0.423773
0.451458
0.46831
0.412195
0.463217
0.417804
0.385592
0.369931
0.401398
0.395011
0.375874
0.432609
0.488665
0.436946
0.39892
0.389183
0.437879
0.405898
0.38513
0.423831
0.40916
0.409581
0.427116
0.367464
0.362109
0.378198
0.355787
0.361524
0.378368
0.391385
0.44885
0.423056
0.431988
0.444156
0.471206
0.45106
0.433697
0.45114
0.482272
0.487993
0.478014
0.488415
0.459376
0.432087
0.42959
0.436601
0.446286
0.429833
0.42059
0.440004
0.42268
0.373206
0.385912
0.427698
0.402002
0.410931
0.423828
0.439729
0.426699
0.412091
0.413992
0.37821
0.407843
0.39906
0.39383
0.37144
0.394287
0.40208
0.414974
0.408585
0.405125
0.4166
0.457125
0.483463
0.435636
0.501562
0.467428
0.454028
0.4694
0.445285
0.412345
0.435621
0.455464
0.479641
0.461427
0.494361
0.404837
0.408581
0.395907
0.371205
0.355331
0.362301
0.375131
0.403318
0.414835
0.371022
0.357036
0.365849
0.383226
0.366984
0.360038
0.375683
0.346253
0.346149
0.341848
0.348094
0.352047
0.370283
0.382841
0.363666
0.395735
0.382593
0.37283
0.373341
0.361688
0.366186
0.37463
0.372261
0.356595
0.379888
0.37694
0.380262
0.395933
0.384256
0.395809
0.390184
0.422756
0.388522
0.358649
0.351706
0.34445
0.347925
0.358051
0.370069
0.359512
0.393732
0.36875
0.357705
0.33878
0.346304
0.3715
0.397365
0.409735
0.419754
0.415944
0.408133
0.411424
0.40542
0.368081
0.38441
0.361105
0.36661
0.376025
0.385438
0.390465
0.358644
0.358354
0.36826
0.366406
0.358413
0.38129
0.377816
0.368049
0.356363
0.363028
0.384552
0.389614
0.377444
0.378454
0.401262
0.387024
0.39081
0.40099
0.410098
0.400936
0.357969
0.3505
0.376498
0.395879
0.39034
0.375277
0.372102
0.379483
0.414959
0.426401
0.434337
0.413151
0.381193
0.367577
0.41558
0.389529
0.407201
0.449461
0.443619
0.434083
0.413802
0.412593
0.392307
0.417526
0.381552
0.416967
0.457709
0.474124
0.44742
0.459366
0.551146
0.56057
0.52292
0.422766
0.483134
0.499188
0.470073
0.381513
0.369342
0.347111
0.366827
0.357287
0.369166
0.356359
0.352088
0.356381
0.377625
0.373498
0.360603
0.363663
0.383212
0.397487
0.410002
0.403251
0.405605
0.418162
0.419327
0.399857
0.413599
0.411874
0.446653
0.401981
0.393881
0.401805
0.398743
0.418697
0.408499
0.388668
0.394706
0.397637
0.394115
0.402981
0.407504
0.484154
0.454271
0.40363
0.438469
0.402093
0.37335
0.415514
0.420687
0.374066
0.363688
0.380213
0.438204
0.445106
0.39525
0.42984
0.411061
0.411897
0.45463
0.440808
0.432527
0.423009
0.421634
0.440881
0.439012
0.501225
0.493027
0.48884
0.452806
0.397784
0.368487
0.356176
0.366043
0.351605
0.355529
0.349903
0.344834
0.346041
0.369642
0.372891
0.355496
0.365519
0.384547
0.384678
0.377789
0.36709
0.37272
0.385225
0.392165
0.44893
0.468361
0.48583
0.511283
0.490608
0.388615
0.389699
0.427529
0.410377
0.387409
0.392331
0.353552
0.363106
0.375831
0.382117
0.36275
0.357038
0.351194
0.387515
0.379332
0.348911
0.346472
0.360447
0.370988
0.367096
0.371267
0.360148
0.348818
0.375494
0.442018
0.448439
0.440724
0.410006
0.460957
0.400387
0.404113
0.403739
0.393894
0.37387
0.414745
0.438784
0.449061
0.415844
0.4131
0.413327
0.388737
0.362057
0.358438
0.376379
0.433331
0.465428
0.465445
0.469465
0.432304
0.419317
0.444965
0.480976
0.438113
0.508075
0.470392
0.461992
0.480416
0.404234
0.385571
0.37721
0.392113
0.443972
0.448849
0.428495
0.418133
0.460359
0.451552
0.406986
0.355009
0.364693
0.361999
0.386202
0.393075
0.409808
0.428134
0.43428
0.487579
0.466585
0.384666
0.409
0.4241
0.431018
0.434407
0.418442
0.427326
0.382822
0.37998
0.407847
0.376595
0.381196
0.384543
0.440189
0.446847
0.372963
0.404169
0.456534
0.437357
0.419207
0.413163
0.428229
0.368544
0.356442
0.383326
0.397653
0.404428
0.40181
0.409923
0.391966
0.395951
0.381503
0.366771
0.411304
0.381043
0.381908
0.366141
0.380467
0.40305
0.401594
0.386088
0.372839
0.406041
0.382749
0.382361
0.40212
0.396127
0.363015
0.349407
0.351568
0.351302
0.366232
0.412648
0.390147
0.353651
0.348531
0.353427
0.391603
0.377896
0.359121
0.35533
0.368492
0.374439
0.372513
0.367971
0.401716
0.410021
0.401282
0.399161
0.429607
0.390522
0.375781
0.431892
0.407618
0.430875
0.366809
0.378154
0.365995
0.370466
0.377213
0.369012
0.35924
0.342355
0.34843
0.339655
0.343932
0.355253
0.376625
0.385929
0.401715
0.384465
0.395031
0.380961
0.386412
0.43761
0.419664
0.427643
0.394189
0.408418
0.41345
0.388421
0.425052
0.387939
0.414093
0.457486
0.422232
0.415738
0.375501
0.380049
0.436113
0.462365
0.450044
0.539314
0.54524
0.569047
0.532407
0.425162
0.394842
0.398596
0.381057
0.403529
0.392779
0.410768
0.389221
0.369207
0.347669
0.354286
0.346844
0.362083
0.382096
0.39441
0.400653
0.385485
0.384505
0.410105
0.38918
0.37376
0.380168
0.363168
0.368374
0.350275
0.36955
0.396037
0.365168
0.353749
0.345147
0.354389
0.392261
0.436597
0.455538
0.451398
0.444351
0.432009
0.441255
0.394009
0.399416
0.387329
0.396132
0.397484
0.402803
0.401689
0.398266
0.388441
0.390306
0.420013
0.398619
0.381049
0.402947
0.368514
0.356838
0.394739
0.402004
0.402092
0.402914
0.383802
0.377621
0.387575
0.393849
0.399395
0.409799
0.401709
0.412883
0.42547
0.434725
0.458216
0.415271
0.428584
0.446261
0.462186
0.431642
0.433586
0.42588
0.442475
0.452052
0.395889
0.390434
0.372085
0.348435
0.361378
0.400918
0.387458
0.410612
0.418567
0.42706
0.411301
0.386481
0.407259
0.446542
0.471114
0.404244
0.398432
0.41119
0.375706
0.390601
0.427185
0.453268
0.433362
0.423
0.467662
0.426155
0.470028
0.488306
0.514754
0.52008
0.49984
0.487794
0.473342
0.547655
0.544918
0.539412
0.591299
0.524649
0.456312
0.451485
0.411535
0.436838
0.388227
0.443629
0.429138
0.429639
0.380051
0.364102
0.404821
0.443947
0.449987
0.438103
0.433596
0.393615
0.403644
0.401977
0.386085
0.366642
0.394549
0.403324
0.407458
0.402226
0.400668
0.39245
0.402893
0.394308
0.422121
0.434084
0.406645
0.407706
0.399844
0.404905
0.432048
0.391032
0.389558
0.40439
0.467124
0.43407
0.414566
0.423324
0.445101
0.427235
0.44979
0.412002
0.384026
0.364958
0.369445
0.355724
0.344382
0.342956
0.351922
0.36876
0.381868
0.392414
0.377844
0.382988
0.401985
0.388644
0.352916
0.355351
0.362388
0.407303
0.447024
0.477947
0.494333
0.47325
0.40258
0.417505
0.435399
0.40655
0.427572
0.466751
0.492154
0.443872
0.368486
0.375459
0.369559
0.414479
0.394129
0.457991
0.410041
0.377745
0.392454
0.380472
0.398111
0.410846
0.420949
0.398278
0.413535
0.415625
0.484491
0.414063
0.418526
0.46088
0.454873
0.469775
0.465253
0.417243
0.381383
0.387674
0.373366
0.373746
0.400834
0.423258
0.403702
0.422484
0.422753
0.414537
0.379874
0.424075
0.421964
0.438328
0.442828
0.419505
0.448412
0.436701
0.472439
0.470636
0.427407
0.441501
0.44544
0.436881
0.466614
0.474086
0.52593
0.543681
0.552832
0.562855
0.529745
0.447462
0.385687
0.395391
0.410138
0.436539
0.43217
0.405352
0.434574
0.436383
0.419966
0.406775
0.398349
0.385715
0.43385
0.434292
0.430471
0.423861
0.387635
0.365658
0.359823
0.354461
0.35135
0.361553
0.388906
0.375054
0.36339
0.383287
0.369076
0.415964
0.414377
0.431497
0.412634
0.416999
0.35672
0.351484
0.364658
0.366923
0.368233
0.378225
0.412009
0.479794
0.462057
0.450749
0.470555
0.380572
0.37214
0.371123
0.365003
0.450069
0.384683
0.406894
0.430385
0.509993
0.470229
0.469556
0.53111
0.505981
0.49769
0.502485
0.500113
0.507289
0.508011
0.45501
0.468014
0.424463
0.465487
0.439837
0.445726
0.421821
0.434299
0.380731
0.358583
0.369535
0.395479
0.367255
0.3762
0.406868
0.383272
0.369777
0.363859
0.356973
0.363185
0.398128
0.402764
0.408461
0.389529
0.370896
0.354113
0.351894
0.353311
0.381475
0.386011
0.379642
0.372577
0.357825
0.366386
0.368055
0.403965
0.385702
0.394843
0.401461
0.420458
0.433889
0.428047
0.415342
0.449815
0.465572
0.463856
0.490891
0.468397
0.430184
0.406334
0.434147
0.392599
0.438822
0.468154
0.39618
0.419763
0.40917
0.439603
0.430746
0.416643
0.445375
0.462594
0.453064
0.425636
0.479158
0.465566
0.430811
0.441698
0.497084
0.419213
0.421667
0.401381
0.367507
0.416187
0.431375
0.408312
0.383446
0.377932
0.358713
0.355533
0.375959
0.382686
0.361575
0.376718
0.373153
0.358563
0.390133
0.392444
0.390551
0.377864
0.379886
0.393563
0.42677
0.418712
0.383325
0.394613
0.369235
0.366269
0.361241
0.393313
0.375219
0.373487
0.383782
0.385162
0.394727
0.440607
0.476582
0.45051
0.431887
0.495333
0.479687
0.458239
0.397826
0.465956
0.481572
0.385483
0.362798
0.347213
0.36195
0.388938
0.381793
0.412213
0.387343
0.389875
0.39413
0.407204
0.392644
0.378232
0.378002
0.35874
0.349417
0.349998
0.392343
0.38331
0.357758
0.353937
0.376399
0.353843
0.355321
0.369344
0.352952
0.343404
0.348991
0.347682
0.360515
0.379658
0.36497
0.355699
0.385845
0.407935
0.415523
0.414633
0.407946
0.384117
0.403123
0.376462
0.3969
0.395946
0.393536
0.401216
0.427763
0.409736
0.420262
0.428641
0.45759
0.475226
0.448814
0.466382
0.438435
0.493069
0.44249
0.423397
0.440288
0.458431
0.425502
0.439458
0.476099
0.490458
0.471319
0.462904
0.519619
0.428909
0.40459
0.417474
0.453043
0.437991
0.477299
0.515092
0.514113
0.411985
0.428809
0.419386
0.40287
0.4051
0.428022
0.416258
0.410005
0.432716
0.422982
0.415902
0.422492
0.41861
0.389361
0.400656
0.387001
0.365895
0.394565
0.372194
0.362693
0.383408
0.418924
0.393825
0.394883
0.392144
0.419645
0.422449
0.392809
0.387211
0.394586
0.404502
0.399985
0.417718
0.414012
0.368623
0.356844
0.341361
0.344189
0.341622
0.358802
0.3759
0.373851
0.348069
0.337635
0.346644
0.34183
0.348396
0.347681
0.348235
0.334473
0.345451
0.343937
0.352723
0.383345
0.381414
0.376716
0.373931
0.381326
0.371772
0.376716
0.38421
0.353491
0.342535
0.341929
0.349256
0.349436
0.341973
0.343657
0.347861
0.341978
0.354564
0.367483
0.355413
0.365068
0.388311
0.414046
0.379884
0.40151
0.441096
0.430479
0.420748
0.376463
0.38496
0.370279
0.358987
0.366039
0.398659
0.375071
0.378116
0.413833
0.457039
0.473926
0.489283
0.509515
0.404975
0.407449
0.421344
0.419624
0.455268
0.445965
0.378052
0.356531
0.344479
0.357472
0.365561
0.383955
0.395256
0.383217
0.398658
0.419427
0.394918
0.390512
0.374089
0.385321
0.36747
0.343968
0.347985
0.341332
0.354593
0.381672
0.355028
0.349474
0.355063
0.386815
0.406746
0.405581
0.397305
0.393779
0.410911
0.408878
0.406444
0.389405
0.399147
0.393024
0.38044
0.410408
0.373316
0.405698
0.441634
0.416485
0.376518
0.411964
0.442817
0.447525
0.411169
0.40617
0.446155
0.44397
0.459317
0.433108
0.482217
0.442032
0.39297
0.378854
0.38174
0.384938
0.353946
0.354785
0.365465
0.36769
0.367225
0.403318
0.421777
0.438482
0.449354
0.434028
0.451211
0.459109
0.462423
0.443325
0.426831
0.412266
0.477481
0.490465
0.470643
0.470884
0.491931
0.524615
0.567915
0.429709
0.420466
0.41278
0.440221
0.393785
0.413081
0.424114
0.409761
0.436726
0.446072
0.422056
0.44767
0.422244
0.405565
0.415015
0.378192
0.368166
0.372393
0.395203
0.393972
0.468928
0.465944
0.434618
0.438615
0.40937
0.432689
0.367751
0.387902
0.388623
0.374944
0.407198
0.41585
0.409453
0.378228
0.371906
0.400077
0.372697
0.420138
0.412602
0.4132
0.413427
0.39868
0.436019
0.428489
0.463688
0.446866
0.454181
0.425739
0.443977
0.471213
0.421331
0.418831
0.421874
0.490357
0.486491
0.439718
0.406715
0.490624
0.457121
0.429143
0.425275
0.436445
0.434588
0.416066
0.441604
0.41641
0.384103
0.447284
0.46524
0.464787
0.430176
0.441536
0.429372
0.390008
0.378218
0.402068
0.378152
0.429129
0.42163
0.446415
0.453122
0.575138
0.577843
0.54869
0.478687
0.519737
0.444121
0.410631
0.411903
0.456269
0.427473
0.469334
0.474629
0.444881
0.420409
0.458504
0.478333
0.437262
0.440637
0.44229
0.439981
0.434278
0.442118
0.44667
0.438859
0.430212
0.414044
0.466903
0.485044
0.493308
0.501715
0.471795
0.417754
0.422242
0.408558
0.414749
0.435511
0.475426
0.451388
0.394286
0.401849
0.423427
0.433136
0.432975
0.477817
0.481204
0.397206
0.368832
0.359432
0.368778
0.362162
0.366253
0.397125
0.458369
0.494861
0.48555
0.436136
0.481761
0.425831
0.40911
0.431851
0.431349
0.445566
0.365206
0.411527
0.425849
0.427543
0.414105
0.475459
0.418084
0.44263
0.488664
0.53767
0.486644
0.512452
0.577418
0.523374
0.511431
0.502793
0.467579
0.478963
0.493211
0.465106
0.487378
0.486742
0.459279
0.444878
0.432652
0.406574
0.406455
0.407008
0.43191
0.445106
0.511769
0.483342
0.464141
0.439804
0.444164
0.465727
0.447281
0.430636
0.437494
0.434275
0.444229
0.454202
0.433014
0.471268
0.432122
0.499014
0.484021
0.424806
0.501351
0.476751
0.496888
0.49871
0.451065
0.436584
0.451565
0.476611
0.496661
0.452452
0.388885
0.357345
0.367791
0.39379
0.403191
0.456274
0.459741
0.417759
0.423717
0.40618
0.419492
0.425594
0.456732
0.435723
0.421673
0.442516
0.432013
0.381834
0.372046
0.379897
0.456683
0.490836
0.514249
0.513156
0.502636
0.498063
0.511537
0.543159
0.519489
0.574695
0.533104
0.418454
0.366101
0.400061
0.403098
0.38165
0.400706
0.419702
0.411897
0.416974
0.429201
0.417806
0.436587
0.435557
0.399281
0.409802
0.440097
0.413104
0.390162
0.400513
0.373466
0.360665
0.346219
0.355896
0.395382
0.379114
0.354607
0.380322
0.409935
0.412609
0.430532
0.368351
0.366919
0.356168
0.377731
0.364182
0.361372
0.407067
0.44304
0.432853
0.445997
0.448276
0.436863
0.41932
0.382525
0.366443
0.380235
0.384733
0.387515
0.416129
0.433859
0.428485
0.37043
0.388525
0.401344
0.405189
0.371551
0.346603
0.343373
0.351936
0.354344
0.364013
0.385144
0.351665
0.367944
0.382914
0.418296
0.417672
0.449133
0.412785
0.455634
0.499703
0.559583
0.583012
0.537052
0.556739
0.535359
0.515962
0.482215
0.524826
0.449119
0.511346
0.510151
0.461394
0.505246
0.497511
0.478531
0.506385
0.52721
0.54416
0.474839
0.401394
0.409527
0.417712
0.402784
0.440294
0.475482
0.446383
0.428578
0.482522
0.464525
0.475761
0.49116
0.422447
0.499934
0.486039
0.494167
0.473641
0.492044
0.452856
0.456424
0.52268
0.489994
0.498905
0.52319
0.515201
0.51045
0.449499
0.447294
0.488301
0.505695
0.4737
0.440189
0.482332
0.461429
0.448263
0.45961
0.464853
0.435688
0.421529
0.380224
0.372551
0.391136
0.394397
0.39166
0.387881
0.394506
0.377811
0.384923
0.404417
0.430168
0.42775
0.434412
0.418895
0.410817
0.424721
0.443377
0.460839
0.439379
0.486768
0.470694
0.4477
0.461762
0.476894
0.470737
0.456595
0.395965
0.444418
0.422116
0.430791
0.467542
0.445637
0.466869
0.450443
0.482967
0.461172
0.488241
0.468873
0.420437
0.425599
0.399454
0.380123
0.45105
0.490779
0.460221
0.451589
0.435202
0.516357
0.570052
0.562057
0.391553
0.395555
0.372972
0.372916
0.355199
0.392636
0.354653
0.347571
0.35299
0.346991
0.347048
0.353627
0.354613
0.390969
0.375013
0.362329
0.387827
0.380249
0.390263
0.442559
0.438976
0.430252
0.426343
0.43367
0.435798
0.425222
0.429994
0.421716
0.436664
0.49409
0.507383
0.528233
0.522364
0.493476
0.414601
0.475082
0.478647
0.536677
0.492346
0.481351
0.483067
0.494666
0.483352
0.442033
0.460706
0.43991
0.454946
0.471792
0.478357
0.454566
0.445113
0.42146
0.456647
0.459411
0.517566
0.513356
0.517696
0.444039
0.477444
0.504272
0.50203
0.503241
0.492932
0.524869
0.48034
0.491137
0.501363
0.543647
0.483857
0.43404
0.402657
0.37531
0.390396
0.403871
0.390929
0.427959
0.423996
0.391163
0.395222
0.411837
0.382765
0.394727
0.41189
0.41729
0.422384
0.429863
0.384815
0.384642
0.377179
0.41823
0.408639
0.37117
0.360346
0.364569
0.363725
0.372973
0.39606
0.358641
0.359917
0.359
0.368652
0.359561
0.388484
0.392236
0.44228
0.462121
0.413848
0.387615
0.386978
0.409982
0.39092
0.409937
0.445392
0.474352
0.430035
0.398249
0.401809
0.44192
0.426128
0.415815
0.392029
0.391272
0.389037
0.397393
0.391745
0.39714
0.377388
0.400435
0.456985
0.409092
0.443133
0.424541
0.394024
0.406363
0.389168
0.384252
0.394881
0.376426
0.367635
0.372414
0.363082
0.361317
0.359676
0.365706
0.36875
0.357812
0.361552
0.355538
0.356811
0.363401
0.360288
0.36376
0.35842
0.360495
0.36976
0.377617
0.364721
0.362892
0.408046
0.402918
0.40612
0.412116
0.385292
0.370951
0.383182
0.42216
0.373123
0.402761
0.391831
0.38784
0.382963
0.366414
0.376978
0.387534
0.374943
0.39826
0.442709
0.416653
0.370034
0.369332
0.400311
0.377227
0.364994
0.359628
0.354227
0.376349
0.439656
0.397335
0.391063
0.401351
0.406085
0.415461
0.41439
0.405889
0.393781
0.385852
0.392158
0.392121
0.382425
0.369882
0.367289
0.37165
0.380724
0.368251
0.387011
0.410221
0.432159
0.424224
0.403919
0.50439
0.513958
0.393845
