0.426013
0.574222
0.610462
0.57303
0.523166
0.563486
0.579893
0.604228
0.578603
0.56815
0.569788
0.601669
0.521652
0.48257
0.477698
0.500345
0.455473
0.427589
0.482408
0.475986
0.518261
0.558563
0.544563
0.476272
0.46775
0.45295
0.519475
0.472225
0.442619
0.481118
0.413454
0.439614
0.489693
0.520993
0.504723
0.484056
0.442978
0.44786
0.52599
0.512185
0.463438
0.507894
0.524185
0.514004
0.4619
0.468508
0.445381
0.46167
0.463642
0.47014
0.43387
0.429028
0.418147
0.446643
0.485849
0.505053
0.484182
0.469912
0.482775
0.544886
0.472321
0.479288
0.505258
0.497085
0.516651
0.509681
0.487625
0.496885
0.481627
0.511627
0.486725
0.482862
0.471887
0.462634
0.461721
0.481929
0.49897
0.404776
0.425345
0.487868
0.492295
0.522198
0.495062
0.468716
0.523798
0.465464
0.437261
0.489667
0.473521
0.475105
0.467176
0.447105
0.469444
0.498413
0.451064
0.478465
0.490966
0.486831
0.490692
0.470587
0.503132
0.480722
0.51536
0.463716
0.437568
0.458793
0.463508
0.465372
0.438902
0.495444
0.482174
0.469429
0.478436
0.481899
0.489638
0.465853
0.466544
0.457206
0.524952
0.452777
0.488831
0.450061
0.484035
0.474615
0.461669
0.446845
0.454106
0.45884
0.431565
0.439747
0.464125
0.422779
0.40152
0.454656
0.41001
0.494234
0.490853
0.489407
0.493153
0.457854
0.472606
0.477299
0.490927
0.444553
0.446973
0.443663
0.449772
0.416456
0.488161
0.477083
0.415851
0.43169
0.457659
0.478508
0.40916
0.522042
0.478885
0.416154
0.410869
0.406771
0.44404
0.461594
0.47106
0.502387
0.45132
0.473949
0.459942
0.479886
0.466113
0.418635
0.44214
0.438462
0.411273
0.460265
0.506596
0.426542
0.409712
0.449204
0.473952
0.490815
0.436954
0.394153
0.438431
0.410014
0.386865
0.373951
0.372854
0.371448
0.417808
0.414101
0.383015
0.389111
0.433755
0.400664
0.392076
0.436102
0.419169
0.420607
0.431073
0.460034
0.485286
0.509943
0.427256
0.473981
0.502493
0.487573
0.479558
0.406551
0.42423
0.402272
0.392428
0.395698
0.423799
0.388544
0.420531
0.406763
0.404414
0.397065
0.41526
0.415598
0.408566
0.421733
0.423226
0.403145
0.406322
0.386348
0.377448
0.376618
0.384518
0.411932
0.390108
0.401039
0.409617
0.397524
0.4521
0.389458
0.378024
0.407964
0.403719
0.379448
0.4231
0.408576
0.40765
0.402642
0.405265
0.429507
0.400298
0.379525
0.36572
0.37428
0.391842
0.37616
0.369175
0.397465
0.426401
0.416593
0.395174
0.411525
0.372021
0.375779
0.375148
0.370539
0.353985
0.356832
0.35392
0.388935
0.378005
0.380077
0.375189
0.360768
0.357772
0.35084
0.33509
0.355194
0.34853
0.351542
0.350855
0.346484
0.357258
0.355866
0.346103
0.373751
0.371154
0.375937
0.372527
0.3722
0.382235
0.399308
0.382351
0.379762
0.385894
0.379698
0.385925
0.391693
0.391256
0.393674
0.374221
0.360987
0.356505
0.354088
0.358721
0.351545
0.359015
0.354814
0.346761
0.347245
0.359705
0.368528
0.383462
0.360457
0.366749
0.369658
0.358905
0.360148
0.368987
0.370363
0.391415
0.369133
0.362917
0.388477
0.405684
0.402838
0.398363
0.40199
0.366467
0.366344
0.378811
0.384387
0.392646
0.39849
0.403993
0.390167
0.375896
0.373147
0.372671
0.3748
0.390965
0.385317
0.394461
0.406192
0.393922
0.394445
0.372753
0.403978
0.388595
0.389708
0.411734
0.426108
0.388879
0.401207
0.379248
0.407304
0.38043
0.385452
0.447049
0.429341
0.406929
0.400159
0.425597
0.418439
0.387212
0.384053
0.374918
0.363808
0.367542
0.381916
0.367376
0.37119
0.357816
0.342569
0.346634
0.355627
0.362379
0.36171
0.374016
0.370647
0.371562
0.382332
0.384929
0.383725
0.387014
0.38102
0.367869
0.400001
0.376162
0.352487
0.355258
0.339704
0.352276
0.349818
0.335424
0.352271
0.353731
0.349719
0.347999
0.358955
0.34695
0.347913
0.342282
0.33838
0.3406
0.352734
0.348745
0.353416
0.360707
0.36538
0.370529
0.39104
0.370039
0.394301
0.395035
0.400845
0.403251
0.434476
0.460897
0.462844
0.475423
0.484016
0.454769
0.453239
0.388041
0.395821
0.413081
0.410427
0.472985
0.426472
0.423221
0.445789
0.438628
0.413496
0.372188
0.390749
0.449133
0.414042
0.402462
0.37323
0.40681
0.425295
0.426426
0.401147
0.41406
0.430953
0.442417
0.433127
0.421406
0.380976
0.432396
0.371558
0.387273
0.367712
0.374895
0.40655
0.41089
0.430932
0.423778
0.400129
0.408112
0.400306
0.411723
0.40962
0.423088
0.405317
0.41228
0.401826
0.457346
0.417655
0.426479
0.424838
0.405916
0.402827
0.427159
0.42274
0.432526
0.405688
0.410771
0.401934
0.435543
0.412432
0.445784
0.416527
0.447684
0.438173
0.4501
0.474157
0.455407
0.457884
0.423725
0.404552
0.418523
0.413339
0.394816
0.449479
0.484168
0.47697
0.437691
0.47499
0.459661
0.513717
0.525116
0.425839
0.448502
0.49516
0.497171
0.506755
0.522643
0.455947
0.428652
0.405321
0.402335
0.45253
0.3786
0.368224
0.377243
0.405133
0.374687
0.409535
0.476641
0.453722
0.423975
0.430676
0.463811
0.462209
0.465982
0.386322
0.433495
0.428718
0.405245
0.397762
0.378459
0.379056
0.375949
0.370734
0.365619
0.391155
0.419785
0.405815
0.422836
0.430407
0.413185
0.433339
0.412488
0.377722
0.399616
0.423567
0.392426
0.453675
0.412371
0.400234
0.420784
0.398313
0.387498
0.391958
0.369506
0.3982
0.363426
0.380953
0.374903
0.386671
0.372271
0.397136
0.409139
0.402895
0.376075
0.37142
0.392552
0.384651
0.385014
0.399863
0.391864
0.401817
0.390352
0.365955
0.386542
0.410254
0.426376
0.434409
0.445276
0.372226
0.384431
0.39313
0.406527
0.412626
0.411038
0.389177
0.420859
0.389723
0.384569
0.424156
0.397849
0.427508
0.396566
0.418516
0.37605
0.451441
0.394717
0.373468
0.470055
0.44376
0.431773
0.420442
0.415781
0.43259
0.42454
0.400267
0.40891
0.428643
0.403228
0.403023
0.402348
0.397269
0.397284
0.397813
0.378388
0.390873
0.372065
0.355269
0.373411
0.369642
0.364334
0.36389
0.352565
0.363235
0.356951
0.344466
0.341174
0.338928
0.347374
0.338533
0.340212
0.338216
0.340937
0.332857
0.332382
0.337184
0.343661
0.342734
0.339308
0.347702
0.342096
0.347343
0.361193
0.373316
0.378554
0.366973
0.367316
0.357317
0.35555
0.35097
0.339429
0.341111
0.340997
0.334646
0.343409
0.346804
0.352735
0.335576
0.347953
0.359999
0.353731
0.362898
0.352044
0.386372
0.362222
0.362819
0.356723
0.349496
0.359867
0.362068
0.371011
0.415049
0.414788
0.408752
0.415469
0.507251
0.506246
0.491674
0.456068
0.510529
0.422034
0.449264
0.45473
0.484873
0.471016
0.45922
0.444155
0.495443
0.463181
0.467092
0.478275
0.472216
0.485144
0.449256
0.440887
0.451498
0.461439
0.444149
0.391911
0.386323
0.408914
0.452273
0.45816
0.411165
0.402958
0.396061
0.409041
0.444844
0.435304
0.372187
0.424653
0.420709
0.418754
0.401984
0.411366
0.462854
0.402823
0.419373
0.441827
0.430614
0.427136
0.385875
0.422544
0.41539
0.40868
0.414402
0.411679
0.387795
0.371602
0.367237
0.372713
0.369798
0.360281
0.355911
0.368456
0.37901
0.391805
0.383493
0.364998
0.368789
0.371651
0.398011
0.392503
0.370177
0.35853
0.381896
0.394543
0.395282
0.391112
0.403031
0.412307
0.401366
0.380593
0.382086
0.400927
0.405139
0.40004
0.418248
0.382404
0.440177
0.439908
0.473511
0.415835
0.429408
0.421754
0.440559
0.372693
0.38254
0.41732
0.483969
0.45688
0.444269
0.48337
0.463154
0.362014
0.421978
0.452979
0.499257
0.522115
0.528499
0.441936
0.455984
0.443833
0.429907
0.424614
0.446637
0.467691
0.422903
0.442511
0.448059
0.413693
0.411091
0.422439
0.414174
0.422335
0.416218
0.424927
0.397087
0.40167
0.40271
0.402925
0.430801
0.429682
0.447895
0.463386
0.411333
0.443168
0.393473
0.452753
0.423315
0.419046
0.422128
0.415619
0.370359
0.371774
0.399155
0.381765
0.372853
0.353606
0.359157
0.371616
0.38008
0.384658
0.41289
0.390721
0.399807
0.402657
0.390557
0.396032
0.390576
0.396884
0.429431
0.400409
0.4015
0.417469
0.38335
0.390362
0.372245
0.425706
0.442389
0.396195
0.44012
0.43038
0.448232
0.448996
0.420086
0.40115
0.395508
0.435483
0.42262
0.432996
0.437416
0.374507
0.384003
0.373072
0.38066
0.435002
0.419265
0.445372
0.447716
0.449061
0.435528
0.466925
0.501562
0.465645
0.423941
0.416908
0.485665
0.448566
0.489514
0.474566
0.452982
0.425518
0.377222
0.377141
0.379088
0.386189
0.39032
0.415786
0.416239
0.397919
0.391237
0.393384
0.427119
0.426448
0.405336
0.398453
0.410298
0.421934
0.450542
0.472144
0.399976
0.455025
0.445531
0.470737
0.452311
0.506424
0.504995
0.453226
0.471084
0.409994
0.462552
0.46304
0.420223
0.397647
0.400559
0.410581
0.365082
0.352245
0.355596
0.351511
0.353594
0.374548
0.397633
0.396505
0.410153
0.377405
0.450503
0.458779
0.450997
0.406953
0.419731
0.380103
0.3853
0.371989
0.400555
0.408669
0.386721
0.390445
0.383553
0.388312
0.40428
0.402776
0.447837
0.443212
0.438515
0.495629
0.406633
0.391781
0.408716
0.377793
0.37596
0.357129
0.372247
0.373342
0.40239
0.424101
0.477812
0.462452
0.428629
0.409483
0.406759
0.416317
0.467127
0.508192
0.409543
0.426873
0.450391
0.434795
0.510054
0.468671
0.496561
0.477975
0.430669
0.384054
0.397883
0.485847
0.445622
0.449057
0.435993
0.428672
0.424547
0.422108
0.456472
0.389141
0.439157
0.461944
0.447595
0.390849
0.386043
0.409766
0.405401
0.38531
0.416591
0.399631
0.403387
0.403695
0.39354
0.375791
0.374516
0.367928
0.348596
0.349874
0.360702
0.362897
0.376566
0.388985
0.399047
0.40427
0.399371
0.391021
0.40216
0.412941
0.413019
0.432809
0.42948
0.399202
0.395039
0.39277
0.3984
0.389677
0.384093
0.364229
0.348517
0.34749
0.359788
0.372435
0.409116
0.462766
0.400774
0.430336
0.468853
0.506435
0.421953
0.387292
0.401617
0.420211
0.375135
0.395092
0.469803
0.43942
0.377178
0.436761
0.441486
0.443019
0.436227
0.413705
0.496384
0.445384
0.452511
0.429303
0.396888
0.398439
0.407274
0.412646
0.390018
0.372798
0.364598
0.367122
0.351656
0.366349
0.358668
0.352028
0.361009
0.354975
0.345635
0.356658
0.344376
0.366135
0.365684
0.361736
0.367551
0.394111
0.394097
0.403487
0.391069
0.423811
0.404422
0.411838
0.383868
0.400374
0.391593
0.394471
0.377131
0.363334
0.356521
0.359559
0.350187
0.353241
0.35559
0.361161
0.373758
0.366143
0.386701
0.376356
0.372491
0.389027
0.404555
0.427251
0.438303
0.423183
0.408595
0.387257
0.429715
0.419692
0.424348
0.438892
0.38849
0.372999
0.371716
0.372494
0.389246
0.383476
0.419854
0.422954
0.427501
0.447988
0.427491
0.440002
0.409139
0.400885
0.39708
0.38634
0.380091
0.372256
0.377451
0.398009
0.405785
0.390196
0.386684
0.412505
0.401725
0.423138
0.418209
0.415644
0.447824
0.442879
0.428043
0.456549
0.460757
0.399764
0.498342
0.455372
0.445307
0.368447
0.364915
0.457915
0.488034
0.398023
0.42212
0.447109
0.455899
0.487787
0.432716
0.41983
0.391706
0.407326
0.3837
0.360463
0.366121
0.357491
0.355775
0.35399
0.345932
0.346987
0.354151
0.349217
0.343946
0.356252
0.37647
0.397971
0.375193
0.372484
0.390263
0.405818
0.388875
0.367681
0.360135
0.353468
0.358372
0.358471
0.358997
0.348693
0.34793
0.347385
0.361878
0.352677
0.349317
0.368575
0.379728
0.401634
0.381844
0.437059
0.447802
0.480612
0.494238
0.457924
0.437558
0.403598
0.419079
0.400493
0.425914
0.477006
0.400255
0.42209
0.434958
0.420844
0.399822
0.40199
0.410379
0.400513
0.419164
0.442783
0.400674
0.46034
0.480045
0.418318
0.407042
0.499249
0.471188
0.477756
0.486288
0.390633
0.415617
0.428027
0.416453
0.424397
0.44005
0.448915
0.386469
0.404397
0.429804
0.407434
0.43301
0.42365
0.446343
0.455837
0.434202
0.437981
0.424221
0.425676
0.410086
0.39342
0.398334
0.375919
0.370823
0.356106
0.362347
0.352862
0.380945
0.397978
0.432523
0.406586
0.442475
0.430171
0.445542
0.435353
0.422897
0.414156
0.404291
0.385812
0.376673
0.382299
0.387262
0.391673
0.405178
0.405515
0.450705
0.47441
0.475653
0.429685
0.451556
0.444135
0.406325
0.432616
0.427959
0.447634
0.442425
0.425101
0.429859
0.397119
0.447162
0.423849
0.462813
0.436063
0.408429
0.402026
0.382086
0.379475
0.375653
0.371904
0.361621
0.350353
0.359547
0.371189
0.358673
0.362111
0.36227
0.373364
0.380427
0.407684
0.412528
0.412615
0.414072
0.445347
0.441371
0.457462
0.441988
0.405963
0.386228
0.504309
0.503966
0.516878
0.490825
0.437364
0.426373
0.44366
0.43249
0.38624
0.375167
0.362267
0.350456
0.355247
0.366455
0.370277
0.388665
0.391793
0.390038
0.372744
0.358645
0.366333
0.372261
0.365005
0.386646
0.406528
0.460132
0.489819
0.435945
0.483459
0.4371
0.432402
0.512968
0.463376
0.427096
0.401688
0.414642
0.441496
0.441814
0.464747
0.460829
0.460324
0.458411
0.423595
0.448685
0.393277
0.394978
0.423655
0.410923
0.390876
0.386403
0.399575
0.4119
0.429667
0.415961
0.442162
0.408289
0.399433
0.385058
0.388724
0.41177
0.432028
0.418601
0.392858
0.381255
0.378226
0.370532
0.373673
0.382231
0.371383
0.375048
0.386377
0.360114
0.364533
0.357103
0.359175
0.360892
0.345838
0.34219
0.34476
0.350142
0.353772
0.356692
0.344914
0.345289
0.359837
0.36309
0.370076
0.362365
0.357798
0.374685
0.384668
0.365584
0.387656
0.369547
0.366709
0.360534
0.355107
0.355545
0.35084
0.347647
0.357831
0.357087
0.371837
0.374762
0.389956
0.381071
0.354985
0.369168
0.401869
0.399581
0.411367
0.398106
0.383021
0.37419
0.375962
0.380924
0.382585
0.388673
0.392351
0.395866
0.387525
0.413838
0.403227
0.400422
0.386221
0.374988
0.373587
0.372261
0.364487
0.351225
0.351763
0.359501
0.351305
0.340439
0.345979
0.336586
0.353731
0.361769
0.397767
0.36912
0.357366
0.37274
0.377874
0.382608
0.407333
0.383636
0.376539
0.432585
0.421296
0.400518
0.363237
0.386218
0.396498
0.401734
0.381627
0.384161
0.37696
0.373266
0.356596
0.361671
0.37713
0.359134
0.346857
0.357106
0.355882
0.36237
0.365374
0.359794
0.359088
0.366122
0.366862
0.36745
0.355775
0.363567
0.377048
0.358954
0.348729
0.355421
0.362583
0.360403
0.366476
0.368446
0.393732
0.405084
0.392915
0.393493
0.386967
0.394277
0.393967
0.407057
0.364346
0.402573
0.406678
0.426734
0.392432
0.401464
0.405658
0.393214
0.422357
0.432546
0.409167
0.404904
0.393736
0.420049
0.404249
0.412415
0.383676
0.409576
0.429255
0.37804
0.375634
0.391576
0.398989
0.412499
0.399254
0.401357
0.390943
0.391614
0.404805
0.383753
0.39075
0.391444
0.392519
0.381118
0.376036
0.377056
0.376169
0.371076
0.37098
0.364418
0.360388
0.362786
0.357344
0.359653
0.364008
0.385012
0.364356
0.363394
0.369956
0.378287
0.376265
0.374773
0.365713
0.361984
0.350034
0.334119
0.343168
0.340761
0.339161
0.348998
0.341868
0.348899
0.354826
0.371703
0.373142
0.374389
0.353854
0.346133
0.352446
0.3651
0.361571
0.351452
0.348642
0.349578
0.358961
0.381593
0.369686
0.379048
0.396044
0.394335
0.384195
0.39188
0.398091
0.397599
0.379049
0.357686
0.35425
0.342093
0.34369
0.33486
0.340488
0.34003
0.3403
0.344684
0.3366
0.338663
0.354232
0.364736
0.395464
0.369271
0.381225
0.390371
0.389219
0.377097
0.401619
0.423816
0.395254
0.376979
0.383864
0.358461
0.354819
0.358168
0.383799
0.400949
0.392234
0.391389
0.40276
0.398752
0.425487
0.413841
0.407472
0.387494
0.425874
0.439623
0.422634
0.400278
0.393694
0.39603
0.400366
0.415401
0.399627
0.407288
0.390469
0.36546
0.367563
0.376552
0.402288
0.447741
0.424856
0.410908
0.380902
0.397578
0.408165
0.406234
0.419053
0.422366
0.417793
0.37981
0.366713
0.366815
0.367807
0.358912
0.36978
0.3709
0.377369
0.366575
0.362114
0.348825
0.365491
0.352439
0.348776
0.344977
0.337673
0.362769
0.373744
0.353527
0.364617
0.361314
0.356039
0.353778
0.369419
0.377353
0.376096
0.399212
0.387958
0.397479
0.418747
0.431709
0.454491
0.456267
0.417819
0.409129
0.419959
0.495475
0.476505
0.492829
0.436229
0.487419
0.483848
0.520813
0.485254
0.41761
0.405188
0.387789
0.378225
0.384699
0.379251
0.399695
0.38421
0.390912
0.397304
0.402807
0.414324
0.404223
0.382393
0.39247
0.421479
0.423356
0.412661
0.395947
0.394915
0.377511
0.36995
0.381637
0.358256
0.368307
0.380725
0.398323
0.4053
0.401107
0.399334
0.421512
0.398627
0.373898
0.372583
0.375866
0.386143
0.39792
0.409575
0.397623
0.430062
0.406312
0.431221
0.453956
0.432257
0.473867
0.500181
0.447858
0.412998
0.535957
0.435949
0.475516
0.477443
0.435836
0.432364
0.420779
0.431539
0.453364
0.437986
0.468559
0.443479
0.477508
0.463876
0.478765
0.442451
0.461344
0.452353
0.431244
0.451108
0.490528
0.454411
0.506986
0.475585
0.459131
0.482457
0.519908
0.49813
0.502869
0.47057
0.492233
0.539532
0.558049
0.543923
0.488862
0.489225
0.542171
0.47116
0.379394
0.368218
0.355524
0.371793
0.366456
0.359936
0.367475
0.375706
0.368777
0.37398
0.385704
0.401891
0.390812
0.384114
0.402529
0.390301
0.394594
0.419989
0.422087
0.446467
0.407706
0.392576
0.380995
0.37278
0.373623
0.366578
0.376455
0.369049
0.381957
0.389735
0.390929
0.398671
0.433828
0.449886
0.435762
0.441083
0.43703
0.499413
0.463559
0.498447
0.484739
0.469042
0.46782
0.425066
0.455809
0.432057
0.406982
0.416682
0.462309
0.5316
0.522624
0.514364
0.501427
0.42603
0.479477
0.516028
0.461619
0.441946
0.432097
0.426212
0.387249
0.428145
0.426556
0.407255
0.395059
0.404115
0.357756
0.374393
0.397338
0.37832
0.363542
0.376123
0.369321
0.363561
0.366084
0.383078
0.404867
0.383487
0.370167
0.366839
0.357725
0.370444
0.36965
0.361406
0.363404
0.359979
0.370579
0.383191
0.387651
0.37664
0.426771
0.411027
0.397231
0.378968
0.37344
0.37469
0.387031
0.403846
0.380862
0.381619
0.383361
0.382597
0.377074
0.385741
0.380235
0.421752
0.384291
0.37654
0.356924
0.387512
0.370611
0.368886
0.365414
0.363476
0.365496
0.372659
0.376723
0.38922
0.392974
0.40073
0.38261
0.421938
0.426133
0.433749
0.422776
0.444721
0.43344
0.400997
0.372224
0.403873
0.399989
0.386162
0.366995
0.36302
0.359039
0.356973
0.365853
0.364161
0.375408
0.397675
0.416795
0.408987
0.404932
0.44579
0.436025
0.472091
0.43616
0.467258
0.409445
0.446324
0.428548
0.395216
0.389663
0.41476
0.423104
0.411979
0.417619
0.416845
0.385236
0.388414
0.440281
0.437106
0.461526
0.444254
0.447414
0.411546
0.404284
0.435809
0.420962
0.418684
0.42245
0.453653
0.452585
0.431312
0.44121
0.442874
0.41529
0.447597
0.482557
0.466741
0.466249
0.451515
0.450822
0.455246
0.469935
0.524402
0.468968
0.490913
0.477891
0.512082
0.474459
0.570523
0.550806
0.404757
0.386564
0.436123
0.467683
0.464902
0.52513
0.549419
0.434069
0.45208
0.494038
0.420991
0.45889
0.421934
0.430242
0.415803
0.424879
0.411919
0.408681
0.441903
0.406338
0.385736
0.404725
0.401748
0.423412
0.449975
0.388151
0.411666
0.435014
0.463804
0.450743
0.421842
0.379565
0.39766
0.408344
0.409317
0.394217
0.379024
0.381403
0.387942
0.387766
0.39855
0.420044
0.399035
0.411989
0.397044
0.404319
0.391033
0.386568
0.388082
0.393952
0.408001
0.415429
0.414849
0.397216
0.392695
0.402924
0.393855
0.401673
0.421759
0.418058
0.419731
0.398959
0.386755
0.389578
0.389981
0.381087
0.381266
0.381618
0.389911
0.397001
0.410355
0.409332
0.395552
0.383258
0.371287
0.36745
0.379813
0.399798
0.411015
0.421834
0.417188
0.452302
0.452136
0.445409
0.422668
0.420265
0.419192
0.405736
0.386496
0.375875
0.369473
0.370274
0.366429
0.375257
0.459227
0.412625
0.35012
0.356826
0.364221
0.349414
0.361621
0.365552
0.349207
0.366567
0.359525
0.367311
0.368096
0.352443
0.353937
0.349998
0.341816
0.352951
0.345421
0.349327
0.345933
0.353851
0.357617
0.363355
0.358557
0.36428
0.355581
0.355748
0.352725
0.330534
0.338623
0.346373
0.337173
0.339987
0.341892
0.345043
0.360727
0.342041
0.336632
0.340256
0.341552
0.352758
0.346315
0.358236
0.357171
0.361956
0.358289
0.362434
0.367474
0.370613
0.351189
0.352512
0.353963
0.342638
0.351042
0.359633
0.363618
0.373715
0.379154
0.363865
0.354538
0.349013
0.342428
0.342626
0.346314
0.343351
0.348507
0.352206
0.357137
0.352689
0.352861
0.360376
0.369188
0.369868
0.370589
0.387789
0.383321
0.369951
0.371409
0.386963
0.387103
0.391213
0.402449
0.372509
0.374996
0.375289
0.407654
0.404551
0.381397
0.363699
0.368824
0.357761
0.350899
0.346623
0.348419
0.336483
0.350893
0.355574
0.349332
0.356462
0.354536
0.354735
0.363129
0.368389
0.3673
0.363272
0.365307
0.373953
0.386647
0.379423
0.379353
0.408691
0.386023
0.363447
0.384646
0.383314
0.410595
0.377062
0.362598
0.35057
0.359215
0.365937
0.373771
0.366871
0.378524
0.393203
0.39722
0.378494
0.38363
0.394247
0.396371
0.41172
0.398324
0.396768
0.398004
0.396399
0.365798
0.352684
0.354787
0.378304
0.387821
0.381904
0.374569
0.37123
0.369893
0.369155
0.36768
0.370164
0.371695
0.360386
0.359812
0.376939
0.395598
0.385116
0.420223
0.419637
0.389678
0.401144
0.411889
0.40578
0.374706
0.361645
0.381106
0.399436
0.391874
0.406731
0.398421
0.399341
0.480001
0.453824
0.451573
0.446319
0.413156
0.427138
0.428102
0.451519
0.449318
0.395921
0.420161
0.458085
0.453603
0.508678
0.439299
0.517404
0.474911
0.487267
0.49636
0.432352
0.453785
0.523659
0.470327
0.490471
0.482202
0.503392
0.400813
0.462225
0.385067
0.38747
0.38248
0.385992
0.399034
0.389538
0.38845
0.394221
0.380015
0.383312
0.394302
0.41393
0.422551
0.452978
0.433046
0.444382
0.426652
0.455829
0.438537
0.405268
0.413242
0.401524
0.413467
0.38532
0.413445
0.410854
0.39187
0.38828
0.404606
0.415813
0.448001
0.395622
0.452108
0.418731
0.428644
0.424229
0.417623
0.420994
0.428693
0.402935
0.414654
0.44249
0.394444
0.436949
0.405919
0.384577
0.383785
0.388499
0.41301
0.402401
0.386727
0.386486
0.37226
0.3581
0.351174
0.35264
0.345929
0.344997
0.352842
0.356418
0.361837
0.377545
0.34382
0.35432
0.354689
0.375154
0.36251
0.348171
0.358802
0.361911
0.373067
0.396369
0.391839
0.413918
0.374552
0.401371
0.383554
0.397292
0.419908
0.401072
0.380725
0.368724
0.368328
0.361969
0.362122
0.368245
0.388286
0.396556
0.367105
0.370113
0.378481
0.375254
0.364594
0.365465
0.380995
0.390769
0.395488
0.40411
0.404286
0.402394
0.395742
0.366366
0.411165
0.383167
0.391174
0.386289
0.356617
0.365156
0.403783
0.391409
0.384444
0.384833
0.408363
0.431111
0.379654
0.383105
0.381381
0.38638
0.381808
0.363881
0.365965
0.347353
0.348767
0.357768
0.340108
0.344743
0.340348
0.344462
0.35751
0.352065
0.345089
0.345794
0.330854
0.349554
0.353405
0.349925
0.343194
0.341344
0.348362
0.358305
0.368382
0.361932
0.362919
0.367758
0.375586
0.357716
0.361289
0.359192
0.365289
0.376536
0.401266
0.402306
0.408935
0.421364
0.403596
0.392842
0.392465
0.395473
0.398737
0.396935
0.396222
0.411577
0.372003
0.368631
0.360066
0.353227
0.353651
0.354632
0.361181
0.355454
0.356318
0.347198
0.35038
0.354689
0.356256
0.350245
0.369331
0.383415
0.386895
0.429877
0.404953
0.38515
0.359554
0.366455
0.384781
0.379649
0.387986
0.403143
0.415423
0.378292
0.378366
0.372731
0.369211
0.383693
0.372019
0.365702
0.41084
0.384099
0.382589
0.380105
0.379097
0.428442
0.42238
0.433066
0.450321
0.481115
0.487531
0.502226
0.387325
0.406697
0.421311
0.428177
0.429396
0.444427
0.42697
0.436365
0.429939
0.421653
0.405245
0.42209
0.424518
0.392578
0.380286
0.395021
0.39499
0.373816
0.369783
0.380059
0.382967
0.373718
0.365714
0.370371
0.370517
0.365649
0.371765
0.363807
0.365611
0.379754
0.398673
0.397056
0.393031
0.382645
0.441433
0.460981
0.462759
0.460319
0.459805
0.487599
0.40927
0.474821
0.511262
0.473142
0.442188
0.44025
0.445884
0.386791
0.475788
0.441097
0.429879
0.401945
0.429997
0.545699
0.57829
0.5167
0.571771
0.562924
0.484409
0.501266
0.478842
0.502884
0.451885
0.531495
0.554441
0.513801
0.45413
0.450849
0.461447
0.452043
0.415885
0.448617
0.477408
0.493234
0.520852
0.508064
0.473873
0.503097
0.536521
0.534371
0.485065
0.545473
0.523076
0.524195
0.505965
0.463241
0.450234
0.451812
0.476688
0.425981
0.412531
0.395539
0.395124
0.405236
0.381152
0.369651
0.364436
0.372118
0.376493
0.388108
0.403297
0.391704
0.400131
0.398462
0.382913
0.383725
0.401121
0.380679
0.403979
0.397677
0.423631
0.413116
0.404194
0.402258
0.406058
0.397814
0.427355
0.425245
0.366722
0.385318
0.381964
0.367663
0.364792
0.356009
0.361915
0.371501
0.36561
0.36131
0.372652
0.380989
0.381257
0.374686
0.370738
0.377768
0.381746
0.391478
0.386435
0.378746
0.365655
0.368005
0.379632
0.394414
0.411271
0.410221
0.425571
0.436034
0.40341
0.446286
0.440641
0.442952
0.406567
0.392401
0.384965
0.405018
0.381376
0.354127
0.356057
0.35366
0.357474
0.354175
0.354172
0.341033
0.340112
0.346592
0.343855
0.353537
0.348222
0.365637
0.350718
0.360037
0.350951
0.338263
0.358916
0.348166
0.341997
0.343787
0.347757
0.348365
0.351392
0.34611
0.342054
0.344453
0.347359
0.338345
0.348189
0.348446
0.344056
0.357557
0.357493
0.369971
0.364283
0.369706
0.378761
0.3987
0.422568
0.423954
0.427355
0.414647
0.419717
0.395988
0.395884
0.424455
0.415875
0.427002
0.434239
0.431493
0.429871
0.411868
0.410586
0.40382
0.390936
0.426076
0.389676
0.379503
0.371324
0.360035
0.353634
0.357042
0.356616
0.353
0.364911
0.362718
0.35965
0.349138
0.355239
0.351634
0.342397
0.362651
0.36478
0.361881
0.361737
0.378262
0.384062
0.382717
0.403551
0.374091
0.389143
0.408251
0.424663
0.394343
0.406644
0.422948
0.401883
0.386738
0.406962
0.412615
0.412787
0.416058
0.414681
0.400859
0.393249
0.395851
0.391407
0.386345
0.411287
0.397044
0.442155
0.426537
0.410001
0.385683
0.364589
0.359846
0.368014
0.349017
0.334566
0.34936
0.348134
0.34551
0.351549
0.341315
0.353022
0.352476
0.356126
0.353217
0.349801
0.363492
0.349774
0.359731
0.352547
0.344833
0.353544
0.342132
0.342383
0.337848
0.346183
0.340708
0.353774
0.348899
0.345963
0.333977
0.349727
0.346955
0.345267
0.347839
0.355794
0.362917
0.386447
0.3658
0.372029
0.367895
0.375254
0.371242
0.351004
0.355311
0.353166
0.358385
0.353173
0.343969
0.37681
0.397142
0.402664
0.384426
0.368773
0.369881
0.36365
0.361492
0.367071
0.383436
0.372164
0.376
0.37883
0.373238
0.367698
0.370033
0.372912
0.393777
0.391709
0.392163
0.401494
0.40946
0.403363
0.408639
0.416068
0.410057
0.432365
0.406589
0.377036
0.391267
0.399274
0.400527
0.365383
0.36829
0.356836
0.359764
0.355314
0.382437
0.364083
0.351556
0.365903
0.378587
0.393292
0.390756
0.391206
0.405902
0.422906
0.409041
0.419038
0.409742
0.396138
0.374779
0.380082
0.39034
0.381379
0.371657
0.370614
0.37401
0.368888
0.364688
0.369424
0.378948
0.390584
0.402217
0.398889
0.392286
0.386521
0.411941
0.407384
0.389958
0.378139
0.38945
0.374468
0.362599
0.358176
0.355526
0.355529
0.351466
0.347297
0.352394
0.35189
0.352524
0.362695
0.350451
0.337436
0.344977
0.344592
0.34477
0.365411
0.370153
0.378395
0.375769
0.379259
0.362653
0.384839
0.361936
0.36271
0.360759
0.347589
0.35864
0.35102
0.355318
0.36433
0.347583
0.361193
0.368588
0.3831
0.409043
0.392796
0.389078
0.376514
0.395062
0.38184
0.378031
0.358981
0.362615
0.365234
0.362057
0.375921
0.356339
0.363709
0.386357
0.383416
0.384864
0.370897
0.373273
0.358016
0.35544
0.344222
0.358603
0.361715
0.372582
0.370245
0.36998
0.365387
0.376595
0.354984
0.372292
0.354396
0.357695
0.373628
0.382835
0.395163
0.403163
0.401571
0.404823
0.37417
0.369633
0.398194
0.396552
0.392915
0.40768
0.398257
0.365576
0.359793
0.352904
0.351545
0.35935
0.380796
0.403559
0.401997
0.380368
0.364201
0.371393
0.361665
0.368173
0.359486
0.368318
0.357308
0.342027
0.340372
0.344214
0.338023
0.344644
0.34548
0.345506
0.343249
0.345664
0.338842
0.352118
0.361071
0.363364
0.38087
0.401734
0.384614
0.372038
0.388959
0.365044
0.367592
0.358638
0.364249
0.376472
0.377668
0.379128
0.387852
0.381213
0.364116
0.367287
0.394614
0.383082
0.37417
0.401138
0.374899
0.361305
0.359434
0.362698
0.356221
0.353764
0.352493
0.358702
0.351325
0.35426
0.339385
0.356062
0.356254
0.370463
0.374459
0.376314
0.395985
0.38956
0.409236
0.423425
0.364474
0.372113
0.359855
0.356658
0.355322
0.347097
0.347904
0.344873
0.340272
0.34723
0.391867
0.337796
0.348087
0.344234
0.339219
0.349258
0.344247
0.351742
0.340129
0.348787
0.344888
0.341272
0.348471
0.350147
0.342245
0.34102
0.338083
0.333504
0.350341
0.352253
0.359303
0.33812
0.358832
0.356182
0.351905
0.366084
0.378915
0.395982
0.42339
0.408359
0.412753
0.429375
0.407058
0.408088
0.390548
0.403677
0.382485
0.378568
0.367969
0.36962
0.359882
0.36798
0.364047
0.374037
0.379265
0.386745
0.383908
0.379596
0.370764
0.373565
0.372754
0.371193
0.395867
0.389484
0.416428
0.392151
0.382405
0.386959
0.368502
0.375795
0.382332
0.408119
0.403607
0.398736
0.374823
0.373467
0.379757
0.366861
0.352829
0.360793
0.383876
0.390161
0.353738
0.356738
0.414906
0.404506
0.410566
0.418755
0.428658
0.371431
0.415883
0.405018
0.433956
0.413101
0.409428
0.400656
0.382827
0.383607
0.374514
0.388427
0.36222
0.377913
0.36814
0.367238
0.357299
0.360428
0.358148
0.363238
0.350726
0.354366
0.359829
0.364608
0.377168
0.383046
0.407266
0.384262
0.397254
0.374833
0.372068
0.357924
0.354095
0.345608
0.337764
0.353297
0.341083
0.340295
0.333993
0.34453
0.35376
0.362759
0.3762
0.375528
0.368396
0.354175
0.352531
0.3558
0.387515
0.412798
0.403073
0.388308
0.368872
0.356824
0.352863
0.353079
0.349803
0.348303
0.351208
0.359055
0.360162
0.359195
0.375986
0.391954
0.402591
0.405108
0.391557
0.376009
0.418364
0.392754
0.371487
0.355838
0.344146
0.346836
0.349076
0.35911
0.352605
0.357012
0.35864
0.376377
0.396151
0.389045
0.404918
0.371043
0.363007
0.366118
0.365171
0.356609
0.355894
0.370596
0.356346
0.358221
0.362015
0.375398
0.37023
0.363445
0.370953
0.38997
0.365685
0.348734
0.352139
0.350636
0.347578
0.352747
0.354856
0.362564
0.360339
0.348662
0.355995
0.36963
0.370603
0.371278
0.375736
0.387857
0.382827
0.393968
0.392322
0.377858
0.447029
0.402016
0.44562
0.428076
0.42493
0.438022
0.436017
0.433205
0.440459
0.416669
0.401925
0.405608
0.423532
0.413574
0.421243
0.406104
0.40425
0.383495
0.388506
0.390598
0.436994
0.406202
0.382072
0.379768
0.388762
0.401791
0.42354
0.448098
0.485861
0.541901
0.540064
0.518916
0.588112
0.529886
0.501328
0.494141
0.467107
0.449665
0.449619
0.437384
0.456803
0.439077
0.434598
0.41552
0.403925
0.392499
0.39052
0.408654
0.436277
0.418246
0.413367
0.418955
0.447903
0.452031
0.44352
0.399882
0.405316
0.403362
0.410219
0.392463
0.387839
0.37919
0.388893
0.398286
0.405293
0.401121
0.417936
0.436275
0.456793
0.447154
0.417885
0.403675
0.380923
0.380822
0.363097
0.353978
0.358765
0.352574
0.352937
0.376185
0.392979
0.393843
0.428425
0.437794
0.435262
0.425481
0.387159
0.391097
0.393502
0.397735
0.39243
0.415943
0.439708
0.444601
0.423836
0.414111
0.371843
0.357488
0.362319
0.36244
0.343498
0.350185
0.350487
0.349776
0.346602
0.347268
0.352161
0.355366
0.351301
0.354792
0.370743
0.347576
0.359345
0.351548
0.354497
0.350273
0.357615
0.354343
0.355505
0.350205
0.349398
0.359576
0.348204
0.346262
0.353644
0.344819
0.345189
0.352404
0.351163
0.360984
0.341843
0.341059
0.348386
0.341197
0.34859
0.346393
0.34353
0.351948
0.346412
0.354587
0.340432
0.348531
0.345109
0.352648
0.349285
0.354548
0.368455
0.382831
0.39835
0.442958
0.45165
0.439306
0.424696
0.415867
0.381365
0.378378
0.408149
0.40195
0.393288
0.372993
0.427899
0.407633
0.410448
0.384671
0.37409
0.40629
0.376633
0.400768
0.406459
0.358672
0.402348
0.396921
0.411987
0.404498
0.417588
0.413894
0.412291
0.363473
0.386337
0.37923
0.361618
0.367192
0.377547
0.38385
0.405888
0.372867
0.374659
0.376183
0.369833
0.372798
0.388934
0.379952
0.437087
0.416903
0.389307
0.37747
0.370385
0.354511
0.366997
0.361257
0.363635
0.344346
0.360156
0.364694
0.372157
0.374385
0.365454
0.366346
0.367892
0.342336
0.352587
0.340645
0.355949
0.368678
0.376574
0.38718
0.385417
0.38231
0.390107
0.385725
0.416694
0.412904
0.401568
0.389765
0.400446
0.401839
0.418906
0.416807
0.418339
0.394101
0.416399
0.406683
0.383544
0.375975
0.377748
0.385583
0.379053
0.389584
0.375212
0.369173
0.373616
0.370966
0.371105
0.389437
0.389906
0.369299
0.403509
0.415246
0.404431
0.40832
0.393763
0.399214
0.382253
0.370281
0.355318
0.364248
0.371588
0.371582
0.380123
0.365801
0.389076
0.358881
0.371363
0.403624
0.373735
0.410348
0.39497
0.391521
0.398898
0.381279
0.379681
0.388774
0.40204
0.40795
0.393417
0.413741
0.424648
0.424022
0.368227
0.384972
0.375923
0.389794
0.385241
0.407779
0.367459
0.408575
0.407774
0.409834
0.410849
0.403212
0.380385
0.432139
0.419444
0.395787
0.400417
0.411828
0.414644
0.399598
0.404389
0.388915
0.379359
0.389003
0.398612
0.425658
0.403637
0.436376
0.409908
0.398274
0.389466
0.407663
0.369693
0.405818
0.424809
0.404992
0.408303
0.385642
0.414238
0.428454
0.416881
0.398341
0.395545
0.414082
0.378463
0.370773
0.401283
0.381224
0.396279
0.383032
0.375966
0.353442
0.373729
0.369782
0.354102
0.357127
0.352288
0.347547
0.339714
0.338951
0.343892
0.348232
0.34168
0.352783
0.362645
0.359178
0.378983
0.358425
0.355306
0.36835
0.370944
0.36528
0.378899
0.365163
0.359339
0.356019
0.356503
0.364354
0.370591
0.372819
0.368014
0.376717
0.400733
0.359242
0.352112
0.345207
0.350711
0.34307
0.361586
0.371204
0.375917
0.387093
0.359349
0.3674
0.369494
0.368969
0.367376
0.382632
0.372574
0.406665
0.379238
0.382195
0.395264
0.394522
0.382937
0.372999
0.373698
0.358958
0.364579
0.373066
0.378291
0.379542
0.370705
0.366813
0.337957
0.358496
0.35089
0.363397
0.356124
0.352011
0.341175
0.353037
0.357088
0.360637
0.361325
0.372682
0.355447
0.363298
0.376924
0.368252
0.366786
0.347478
0.340931
0.350279
0.352427
0.332639
0.340166
0.345772
0.34296
0.345494
0.342714
0.352871
0.354953
0.377969
0.385569
0.384673
0.359477
0.362536
0.395254
0.362273
0.366465
0.3944
0.379755
0.380807
0.378285
0.362975
0.355923
0.381243
0.364574
0.382288
0.386095
0.379775
0.391685
0.412408
0.389322
0.421418
0.405866
0.386013
0.386724
0.375046
0.378921
0.374417
0.387882
0.388527
0.392484
0.389105
0.382308
0.364107
0.413512
0.401983
0.380845
0.363858
0.350914
0.356202
0.35434
0.360776
0.379975
0.376374
0.389796
0.400246
0.376676
0.362787
0.363227
0.358811
0.351145
0.356808
0.351796
0.34348
0.359572
0.363147
0.380074
0.392644
0.39106
0.402355
0.384792
0.365025
0.369639
0.372048
0.389718
0.403908
0.401494
0.386731
0.374259
0.360258
0.36097
0.380751
0.389671
0.435659
0.413335
0.394328
0.381563
0.387246
0.384173
0.37295
0.36967
0.372102
0.370309
0.36027
0.351704
0.367954
0.358865
0.358173
0.368478
0.379262
0.396314
0.380327
0.388359
0.436687
0.448446
0.440465
0.446627
0.430634
0.474746
0.43573
0.471928
0.482326
0.425017
0.46707
0.426003
0.494461
0.453493
0.45147
0.426993
0.438168
0.402202
0.395982
0.397678
0.429564
0.433575
0.415069
0.407007
0.442539
0.467697
0.433841
0.448453
0.455196
0.495908
0.500471
0.431499
0.418041
0.436115
0.397627
0.401169
0.443083
0.478082
0.470998
0.449468
0.441934
0.441522
0.414365
0.400692
0.393947
0.394461
0.38315
0.378256
0.3756
0.362877
0.362705
0.37719
0.382749
0.404833
0.408332
0.401393
0.407025
0.389892
0.386039
0.401128
0.384778
0.374131
0.364854
0.381711
0.398906
0.421602
0.456868
0.452343
0.464418
0.471065
0.512593
0.503062
0.388336
0.471415
0.43151
0.459373
0.412579
0.399146
0.390367
0.375345
0.376512
0.381703
0.401036
0.410873
0.412349
0.438285
0.4582
0.459335
0.412217
0.401173
0.3878
0.387736
0.381447
0.381903
0.390412
0.40368
0.421858
0.445225
0.42066
0.426462
0.408573
0.403006
0.393782
0.403986
0.398104
0.418606
0.415796
0.432217
0.465956
0.416263
0.396407
0.38726
0.368197
0.358316
0.347869
0.35733
0.367452
0.366525
0.360754
0.371906
0.390162
0.381666
0.365912
0.355952
0.358231
0.357808
0.353502
0.360397
0.360876
0.359628
0.374359
0.368727
0.367364
0.392769
0.383451
0.379149
0.377106
0.408954
0.428867
0.465123
0.436006
0.452859
0.441013
0.408825
0.409611
0.42951
0.447651
0.466202
0.462193
0.376949
0.395788
0.474128
0.452154
0.432554
0.458327
0.479597
0.496593
0.453058
0.468929
0.45395
0.451338
0.431867
0.441208
0.439846
0.432551
0.419685
0.424076
0.462921
0.463607
0.446436
0.471897
0.526771
0.480074
0.464238
0.541061
0.438421
0.483796
0.517025
0.467408
0.449993
0.47506
0.529676
0.478724
0.494907
0.472052
0.482912
0.463263
0.433053
0.458664
0.43395
0.433604
0.425028
0.434744
0.447655
0.467782
0.416603
0.383689
0.416897
0.432884
0.442962
0.462349
0.476105
0.450386
0.436569
0.412393
0.425679
0.433996
0.426462
0.431703
0.398758
0.448704
0.419976
0.412807
0.413862
0.457037
0.449421
0.440817
0.433711
0.435344
0.409506
0.393746
0.36945
0.372336
0.374684
0.365964
0.375165
0.378435
0.397029
0.448886
0.428295
0.412606
0.426818
0.402754
0.420804
0.389087
0.401998
0.386952
0.403154
0.40556
0.444074
0.412817
0.424292
0.43068
0.428076
0.430987
0.442409
0.455467
0.439376
0.406418
0.422534
0.436717
0.426671
0.408601
0.401656
0.419693
0.416806
0.417344
0.423776
0.41257
0.394097
0.366564
0.37218
0.385607
0.385694
0.399204
0.42113
0.425357
0.378809
0.376142
0.394868
0.42753
0.429385
0.405886
0.385879
0.370272
0.374704
0.366446
0.371337
0.373527
0.366726
0.389023
0.401015
0.416768
0.41651
0.399431
0.400744
0.391801
0.393027
0.419966
0.437656
0.406729
0.383694
0.418209
0.416797
0.416013
0.391513
0.403352
0.411145
0.431608
0.374103
0.393565
0.454571
0.443713
0.437674
0.445344
0.480215
0.484509
0.45273
0.481287
0.513324
0.532929
0.412235
0.405476
0.419554
0.458128
0.490388
0.524029
0.518775
0.512409
0.483968
0.434562
0.443454
0.467977
0.479785
0.440271
0.427027
0.461519
0.447109
0.48541
0.483773
0.439096
0.505559
0.412245
0.425662
0.398068
0.394956
0.400244
0.477475
0.431638
0.40048
0.443193
0.446636
0.472849
0.456243
0.445587
0.437222
0.504423
0.485034
0.482652
0.458359
0.408084
0.466704
0.501876
0.485485
0.476347
0.505394
0.515839
0.442697
0.447631
0.3685
0.356818
0.400426
0.428032
0.415094
0.395752
0.379252
0.393475
0.406674
0.403248
0.380303
0.377463
0.360092
0.359243
0.351636
0.355332
0.356063
0.364987
0.37242
0.353498
0.357027
0.361304
0.373855
0.37946
0.376132
0.373097
0.382898
0.404945
0.420711
0.427187
0.42152
0.422547
0.405903
0.398996
0.382959
0.360887
0.355279
0.365749
0.3586
0.35471
0.351248
0.347404
0.357417
0.381523
0.36843
0.394504
0.380857
0.386756
0.37408
0.369905
0.380031
0.382656
0.372119
0.357086
0.350428
0.346905
0.350751
0.351785
0.364107
0.380061
0.399246
0.370474
0.369072
0.356407
0.349086
0.347468
0.33954
0.33653
0.343123
0.346158
0.355929
0.346355
0.345253
0.343484
0.336078
0.339313
0.339627
0.353148
0.353816
0.347755
0.351777
0.348505
0.357532
0.375028
0.360264
0.362019
0.382955
0.383686
0.383018
0.385421
0.375715
0.370816
0.368865
0.356522
0.360442
0.368242
0.373561
0.409446
0.440439
0.399388
0.386259
0.360187
0.366111
0.360727
0.373104
0.381106
0.381903
0.38224
0.376388
0.364276
0.368518
0.354988
0.355766
0.364708
0.371534
0.361494
0.358026
0.372086
0.377322
0.355091
0.386411
0.37916
0.382738
0.37112
0.373543
0.361056
0.349773
0.351781
0.3589
0.369419
0.380581
0.379254
0.378771
0.385277
0.376454
0.374308
0.37409
0.376484
0.391224
0.372743
0.384659
0.383911
0.390891
0.392463
0.404472
0.38301
0.384933
0.384848
0.384564
0.386934
0.391741
0.407187
0.398589
0.38522
0.405166
0.36506
0.406759
0.422894
0.431988
0.421842
0.410293
0.405189
0.387907
0.381841
0.372903
0.367384
0.355181
0.352499
0.351258
0.344848
0.348508
0.359531
0.351752
0.338397
0.351808
0.34611
0.342668
0.346381
0.342905
0.350242
0.355946
0.351597
0.356439
0.365987
0.374383
0.387208
0.370702
0.353772
0.355166
0.345737
0.359086
0.369744
0.381436
0.391693
0.404772
0.393166
0.378537
0.375144
0.38172
0.343417
0.359018
0.368634
0.355843
0.344706
0.330235
0.349609
0.334671
0.340234
0.345521
0.343294
0.349645
0.349471
0.356805
0.368967
0.381552
0.384576
0.384106
0.408047
0.391772
0.409901
0.403331
0.394411
0.411606
0.450548
0.393491
0.422057
0.423941
0.432663
0.398689
0.433765
0.410882
0.391257
0.429622
0.384358
0.429093
0.385142
0.422821
0.407566
0.423149
0.388529
0.417353
0.415776
0.400477
0.389968
0.368299
0.356686
0.355873
0.374481
0.391591
0.389962
0.378594
0.369524
0.359087
0.353797
0.35935
0.356696
0.370033
0.375069
0.376001
0.378741
0.363873
0.37566
0.382346
0.388718
0.386748
0.381208
0.386742
0.397842
0.38979
0.389697
0.382509
0.365056
0.352629
0.342552
0.351
0.357387
0.352709
0.370413
0.385156
0.367677
0.359917
0.360558
0.373231
0.383483
0.359946
0.345025
0.360485
0.366127
0.353959
0.357312
0.370421
0.37472
0.393192
0.3923
0.390104
0.387292
0.368121
0.354478
0.366087
0.364627
0.375595
0.364781
0.358334
0.348346
0.357304
0.365114
0.363687
0.356687
0.363047
0.384405
0.37888
0.387547
0.388112
0.382003
0.387695
0.391736
0.392999
0.38275
0.379888
0.369234
0.37769
0.39026
0.375365
0.370038
0.380052
0.382618
0.411039
0.412015
0.394798
0.410511
0.392999
0.369149
0.374994
0.377756
0.393053
0.39746
0.401205
0.404037
0.396139
0.397327
0.404916
0.406508
0.40769
0.414733
0.412177
0.402938
0.407778
0.40152
0.372969
0.364305
0.35903
0.347719
0.348747
0.355601
0.347969
0.346693
0.366736
0.36533
0.375145
0.390718
0.386259
0.396716
0.39952
0.395325
0.401609
0.410219
0.37676
0.375674
0.386322
0.376449
0.374293
0.36656
0.370124
0.374694
0.365262
0.376492
0.372801
0.364011
0.395076
0.387686
0.406895
0.433452
0.40646
0.415082
0.408137
0.41441
0.422099
0.476909
0.446187
0.422439
0.426562
0.43662
0.433463
0.41021
0.390219
0.398212
0.385334
0.375374
0.374528
0.376617
0.361361
0.354728
0.377123
0.393252
0.419724
0.405314
0.431062
0.419331
0.380494
0.372484
0.38901
0.394102
0.415293
0.414914
0.404705
0.453227
0.458201
0.429277
0.45417
0.430689
0.46352
0.444816
0.434957
0.424701
0.423556
0.444694
0.440195
0.417511
0.404375
0.400058
0.434256
0.429074
0.415575
0.397744
0.391017
0.395832
0.377327
0.390536
0.441947
0.395504
0.42495
0.417863
0.384619
0.3659
0.38029
0.391814
0.384894
0.414442
0.436591
0.425823
0.465347
0.463774
0.435673
0.468174
0.476559
0.429384
0.497481
0.491191
0.471988
0.445491
0.434249
0.440812
0.420031
0.489281
0.49715
0.436311
0.533934
0.568131
0.533138
0.576765
0.551741
0.586821
0.536879
0.565123
0.525198
0.554256
0.504304
0.475726
0.418902
0.393857
0.416978
0.487185
0.458817
0.473676
0.511485
0.485726
0.551329
0.480907
0.465989
0.459069
0.504902
0.48007
0.417637
0.387417
0.375574
0.375835
0.388904
0.393051
0.366576
0.348435
0.348649
0.348815
0.350624
0.345767
0.351436
0.365812
0.373293
0.367909
0.366974
0.361918
0.348189
0.352605
0.35827
0.378567
0.377141
0.362968
0.34706
0.349371
0.368213
0.360027
0.353034
0.34697
0.354219
0.356714
0.348086
0.352824
0.363005
0.360502
0.382182
0.389764
0.373001
0.362576
0.379434
0.371198
0.377116
0.362606
0.356278
0.360864
0.36704
0.361504
0.362384
0.359787
0.366382
0.371305
0.37537
0.38898
0.388757
0.388819
0.388409
0.402388
0.404627
0.416933
0.409388
0.399826
0.412699
0.419988
0.391699
0.401569
0.402396
0.379433
0.420473
0.415606
0.403719
0.410484
0.4113
0.433089
0.4257
0.398252
0.381315
0.477124
0.411343
0.374957
0.413554
0.405324
0.409921
0.406984
0.409582
0.419287
0.413561
0.410451
0.415202
0.401752
0.443935
0.49396
0.46746
0.391916
0.396024
0.385457
0.405436
0.423324
0.397547
0.421505
0.383387
0.372812
0.41375
0.409256
0.401577
0.380942
0.400801
0.379121
0.401758
0.416286
0.392029
0.445585
0.417817
0.418498
0.415804
0.407842
0.417166
0.385082
0.380521
0.383414
0.397648
0.39661
0.376017
0.398245
0.411297
0.415807
0.40222
0.396479
0.376274
0.391437
0.395735
0.391069
0.395201
0.406973
0.419533
0.393742
0.393404
0.396749
0.407589
0.4194
0.41157
0.472696
0.540157
0.452664
0.479695
0.472249
0.456805
0.430538
0.455885
0.398408
0.394497
0.390662
0.382907
0.398024
0.460982
0.486482
0.444924
0.409065
0.396903
0.377334
0.379246
0.36574
0.361308
0.382796
0.373638
0.391449
0.438743
0.453174
0.428968
0.432077
0.427246
0.396206
0.380148
0.387101
0.362568
0.366277
0.367311
0.368028
0.357629
0.361323
0.368926
0.368564
0.391706
0.393844
0.449507
0.448317
0.443175
0.437547
0.447781
0.42972
0.442058
0.463815
0.460548
0.398094
0.381686
0.362973
0.36791
0.371315
0.409092
0.399049
0.466477
0.449486
0.409663
0.395973
0.413878
0.421798
0.41733
0.395714
0.422151
0.452204
0.432532
0.46652
0.456675
0.426505
0.451219
0.443984
0.442502
0.43711
0.424635
0.428115
0.437517
0.434754
0.4459
0.410193
0.390253
0.385826
0.43126
0.444376
0.437604
0.444018
0.444731
0.442659
0.428938
0.436296
0.426133
0.449151
0.48066
0.48628
0.516221
0.512744
0.505167
0.514264
0.46133
0.495368
0.492328
0.475079
0.485536
0.496999
0.492462
0.47642
0.383404
0.414523
0.403932
0.400921
0.396544
0.393414
0.369589
0.362731
0.357774
0.359338
0.351731
0.347645
0.361948
0.368549
0.363451
0.358239
0.377067
0.3598
0.352689
0.353058
0.341531
0.360102
0.373787
0.343228
0.344363
0.350294
0.354028
0.347969
0.347695
0.339468
0.340577
0.352075
0.344096
0.344402
0.347988
0.340192
0.349957
0.35796
0.368253
0.372202
0.392774
0.376738
0.360517
0.373349
0.379618
0.363447
0.345814
0.352556
0.354441
0.35771
0.360391
0.373997
0.386307
0.382553
0.374856
0.391271
0.388719
0.388791
0.37746
0.374776
0.401337
0.380177
0.385062
0.360129
0.360268
0.357201
0.368582
0.381852
0.363145
0.371048
0.364139
0.392387
0.376154
0.386615
0.393307
0.383283
0.380653
0.405102
0.391936
0.389511
0.407908
0.46443
0.48601
0.469653
0.4743
0.458498
0.482668
0.421157
0.471611
0.49799
0.5224
0.524575
0.519011
0.496824
0.511172
0.480577
0.497624
0.514369
0.452171
0.398579
0.389974
0.387762
0.369956
0.381016
0.385239
0.394255
0.424842
0.392877
0.428192
0.450814
0.443749
0.412894
0.40133
0.39938
0.409093
0.373871
0.372003
0.401782
0.407778
0.389262
0.392028
0.377078
0.359119
0.348086
0.350284
0.359009
0.351198
0.363707
0.378556
0.357408
0.356597
0.362309
0.399377
0.387031
0.384891
0.402172
0.373357
0.368346
0.36615
0.35716
0.359553
0.362184
0.35215
0.345622
0.370759
0.36254
0.34651
0.352886
0.349404
0.363151
0.380829
0.391996
0.394214
0.401074
0.364133
0.376167
0.385009
0.367324
0.350731
0.342934
0.342525
0.346111
0.349455
0.338148
0.351317
0.349548
0.353989
0.371391
0.361871
0.376553
0.369903
0.364467
0.368025
0.376318
0.360772
0.371733
0.365725
0.36731
0.371992
0.383093
0.364277
0.355953
0.367823
0.356761
0.36034
0.344529
0.348981
0.348831
0.351651
0.358165
0.370269
0.383131
0.389252
0.418923
0.400692
0.470949
0.476915
0.443187
0.49158
0.438313
0.426088
0.448792
0.440348
0.430064
0.41975
0.410366
0.416518
0.388754
0.463527
0.445789
0.460993
0.463634
0.454406
0.399415
0.408628
0.375643
0.375923
0.393795
0.400183
0.43279
0.410441
0.386382
0.435916
0.391622
0.433943
0.396934
0.378826
0.367559
0.366026
0.362358
0.380312
0.384789
0.408815
0.410608
0.421555
0.420898
0.442582
0.412738
0.446366
0.452322
0.448744
0.43547
0.468733
0.41295
0.414666
0.432756
0.42272
0.398497
0.390489
0.427893
0.417184
0.435951
0.413239
0.432364
0.40247
0.371475
0.431191
0.372641
0.379285
0.368906
0.365955
0.356419
0.354313
0.362736
0.358126
0.356907
0.357713
0.365049
0.372177
0.373999
0.392612
0.424943
0.429846
0.41208
0.468289
0.461415
0.441455
0.51101
0.433494
0.463753
0.408976
0.483245
0.551142
0.477326
0.474951
0.470861
0.387342
0.447311
0.441928
0.447194
0.408575
0.412512
0.402288
0.448308
0.427421
0.41762
0.46797
0.445735
0.519324
0.455036
0.485679
0.480342
0.435337
0.422411
0.431941
0.451076
0.504603
0.530956
0.510878
0.491938
0.524395
0.442076
0.475635
0.442435
0.436771
0.469965
0.476881
0.479978
0.486899
0.472534
0.495696
0.46511
0.414534
0.391857
0.392786
0.396997
0.389561
0.391362
0.380701
0.378977
0.377457
0.374038
0.381778
0.370925
0.386359
0.373792
0.406948
0.425462
0.421592
0.459443
0.459735
0.428728
0.483682
0.443868
0.445339
0.419091
0.433655
0.426989
0.431491
0.388198
0.429393
0.418164
0.440856
0.489694
0.462785
0.440919
0.447558
0.483177
0.458869
0.417759
0.457195
0.407454
0.41507
0.384117
0.365395
0.361181
0.354789
0.346709
0.345564
0.357319
0.370097
0.377948
0.365221
0.375447
0.359495
0.352747
0.366911
0.373359
0.383979
0.409559
0.404587
0.385367
0.389811
0.396361
0.396728
0.408563
0.420326
0.41468
0.408491
0.417068
0.456756
0.432532
0.426535
0.437606
0.428378
0.464783
0.473318
0.537258
0.43517
0.515528
0.479167
0.453195
0.469327
0.426512
0.393637
0.370204
0.369121
0.378878
0.415396
0.416122
0.41028
0.401834
0.431118
0.413718
0.449921
0.403453
0.389785
0.458338
0.471222
0.434541
0.431299
0.45469
0.416415
0.394101
0.420187
0.436295
0.425393
0.421545
0.432365
0.426578
0.417021
0.381192
0.389729
0.380062
0.373064
0.37589
0.386473
0.381882
0.379539
0.379444
0.405079
0.44824
0.395974
0.385456
0.370629
0.369503
0.379065
0.370356
0.380007
0.393084
0.388442
0.386034
0.384738
0.378279
0.394473
0.42743
0.452363
0.481126
0.46771
0.417653
0.465299
0.441522
0.39259
0.362399
0.345876
0.382878
0.392929
0.404392
0.39659
0.431068
0.452472
0.433324
0.488705
0.428873
0.458929
0.439642
0.443757
0.419618
0.399338
0.403198
0.409317
0.505596
0.394057
0.415778
0.40947
0.399857
0.422254
0.42752
0.432995
0.437246
0.427763
0.393763
0.364373
0.372724
0.364337
0.363886
0.35887
0.356045
0.351118
0.360497
0.383887
0.384859
0.389846
0.392112
0.4025
0.395105
0.399171
0.393538
0.404718
0.403584
0.418908
0.425538
0.40339
0.378225
0.394823
0.40051
0.404561
0.417604
0.416406
0.398978
0.390096
0.386974
0.405562
0.399722
0.379932
0.388846
0.393695
0.383701
0.388682
0.37797
0.370494
0.357342
0.35832
0.376333
0.401535
0.408889
0.412071
0.417207
0.394217
0.383869
0.380265
0.369374
0.372306
0.370065
0.385922
0.39923
0.384301
0.366868
0.350808
0.363439
0.383259
0.377668
0.375798
0.387947
0.405254
0.387328
0.412512
0.411929
0.413543
0.402802
0.383791
0.398003
0.404812
0.382635
0.370904
0.367444
0.368694
0.365852
0.388546
0.394436
0.406231
0.433836
0.379328
0.39712
0.378266
0.386179
0.373763
0.381945
0.387556
0.378225
0.381196
0.386522
0.397745
0.418093
0.401494
0.388611
0.41735
0.40295
0.375576
0.368701
0.356121
0.36696
0.353551
0.345522
0.345789
0.349444
0.35844
0.367756
0.352402
0.335049
0.343699
0.349156
0.35304
0.35303
0.354293
0.357157
0.366434
0.37415
0.411768
0.392957
0.428905
0.410031
0.402987
0.401268
0.377854
0.382532
0.374422
0.35593
0.347656
0.336587
0.339923
0.352333
0.352617
0.349892
0.357926
0.351222
0.347545
0.358695
0.367887
0.391039
0.394555
0.413579
0.390116
0.376504
0.382437
0.364765
0.358635
0.347997
0.359612
0.367674
0.352479
0.359637
0.351374
0.346155
0.360817
0.374433
0.381116
0.371837
0.378319
0.380561
0.372131
0.367607
0.36065
0.375214
0.383112
0.378006
0.37514
0.365267
0.352499
0.386688
0.401299
0.400124
0.421104
0.403311
0.405327
0.411883
0.424792
0.417908
0.38113
0.391497
0.410616
0.422254
0.395843
0.380555
0.41202
0.41413
0.430543
0.439221
0.41659
0.391211
0.393744
0.381771
0.357027
0.359703
0.394611
0.389171
0.419505
0.42583
0.440194
0.439784
0.418319
0.410406
0.40336
0.391306
0.440293
0.456063
0.423157
0.402896
0.37269
0.351875
0.342235
0.410176
0.381358
0.386022
0.356481
0.364811
0.358575
0.368451
0.373894
0.36672
0.370532
0.37828
0.364637
0.371942
0.380718
0.378494
0.375646
0.365615
0.37056
0.374718
0.36763
0.372642
0.365895
0.355946
0.341351
0.343034
0.343909
0.341332
0.339576
0.34619
0.353671
0.354637
0.340242
0.339353
0.334611
0.333954
0.349113
0.346884
0.341318
0.349971
0.341171
0.34092
0.362996
0.364339
0.353016
0.36544
0.366589
0.387098
0.405487
0.385779
0.383947
0.379524
0.390898
0.408653
0.407976
0.393179
0.390434
0.376447
0.38425
0.392504
0.390328
0.425109
0.38322
0.377737
0.392631
0.378388
0.372042
0.386011
0.377855
0.368499
0.375512
0.423272
0.456454
0.428502
0.423936
0.435267
0.409502
0.423419
0.408178
0.442328
0.420159
0.395693
0.469943
0.41434
0.379691
0.385909
0.42093
0.391385
0.383817
0.404941
0.421445
0.4676
0.435965
0.397767
0.377867
0.386415
0.38012
0.385172
0.402415
0.435416
0.404499
0.441911
0.417633
0.395551
0.380262
0.380142
0.398126
0.398744
0.434363
0.416285
0.402878
0.460222
0.468428
0.470929
0.426238
0.395298
0.432761
0.444461
0.418428
0.421654
0.415573
0.41619
0.40705
0.389285
0.36952
0.369917
0.366321
0.37377
0.376831
0.381318
0.400313
0.427724
0.429402
0.470414
0.419886
0.433029
0.461729
0.515038
0.458419
0.456032
0.474322
0.393371
0.515871
0.5587
0.564025
0.509352
0.551989
0.573966
0.556446
0.504312
0.537768
0.580578
0.555259
0.590887
0.561728
0.603099
0.50906
0.462175
0.414736
0.423397
0.429273
0.431278
0.396005
0.390739
0.393475
0.402512
0.405453
0.399539
0.402072
0.383161
0.353746
0.373143
0.402575
0.398981
0.410078
0.411537
0.405377
0.377832
0.398021
0.385066
0.399744
0.39462
0.418355
0.431143
0.389415
0.408816
0.391825
0.384741
0.38028
0.375082
0.370918
0.372849
0.359813
0.344503
0.34634
0.352749
0.347006
0.341464
0.356367
0.361878
0.355168
0.349842
0.344036
0.34451
0.350134
0.35447
0.355821
0.375121
0.367302
0.378286
0.37883
0.380075
0.398609
0.380307
0.392556
0.392937
0.412446
0.382166
0.371644
0.436085
0.410977
0.386644
0.407402
0.369761
0.377552
0.391715
0.382042
0.378104
0.37687
0.413584
0.430407
0.409608
0.399791
0.387468
0.391542
0.379896
0.381197
0.364622
0.37439
0.377024
0.388406
0.392233
0.373863
0.362558
0.357978
0.353627
0.358652
0.390944
0.379562
0.364212
0.364901
0.353114
0.350346
0.343434
0.352511
0.359117
0.365551
0.364831
0.371703
0.390017
0.381325
0.407279
0.401906
0.392585
0.371546
0.362206
0.352372
0.354317
0.351058
0.359434
0.346345
0.351941
0.345102
0.346047
0.343036
0.351012
0.350586
0.357436
0.354863
0.36906
0.379986
0.404112
0.414382
0.430336
0.46155
0.432923
0.425151
0.44428
0.452784
0.501354
0.430195
0.432662
0.431567
0.485227
0.426954
0.447744
0.433418
0.463945
0.456153
0.384357
0.457643
0.428782
0.48359
0.464708
0.421004
0.413431
0.386614
0.395692
0.397616
0.397284
0.399826
0.392218
0.39752
0.408974
0.40048
0.399
0.355451
0.409752
0.377639
0.39274
0.399326
0.395135
0.396411
0.397578
0.396994
0.438277
0.438966
0.368297
0.387221
0.411938
0.390104
0.399793
0.401871
0.407288
0.386448
0.401747
0.396256
0.402553
0.424399
0.366735
0.390573
0.400322
0.386239
0.392574
0.381762
0.377811
0.402213
0.410079
0.398692
0.439359
0.427889
0.393366
0.390971
0.403353
0.407574
0.400169
0.376829
0.373715
0.369447
0.401239
0.399825
0.408448
0.411141
0.383978
0.360262
0.355756
0.348439
0.348928
0.357545
0.36363
0.373155
0.400742
0.395782
0.397205
0.385757
0.391826
0.392602
0.424147
0.413932
0.42048
0.379561
0.39598
0.403612
0.39721
0.413089
0.404968
0.380111
0.377205
0.388597
0.386871
0.397799
0.377501
0.369635
0.366421
0.358976
0.37697
0.388078
0.430983
0.417196
0.381024
0.382795
0.384399
0.392359
0.402894
0.415181
0.389552
0.406284
0.426813
0.409326
0.4043
0.410047
0.412371
0.385185
0.395894
0.428164
0.400325
0.416856
0.40375
0.409245
0.42872
0.44684
0.452237
0.446007
0.433225
0.414067
0.435242
0.446867
0.4881
0.462265
0.410193
0.388487
0.416125
0.448767
0.412659
0.413538
0.451812
0.442321
0.412925
0.423628
0.451831
0.522382
0.458316
0.472487
0.459945
0.413257
0.421044
0.4464
0.428792
0.423382
0.454984
0.441493
0.413526
0.446832
0.432162
0.414207
0.425813
0.428617
0.426366
0.432422
0.475131
0.459004
0.454542
0.466099
0.426699
0.421193
0.385354
0.387524
0.388199
0.404176
0.391012
0.382882
0.383444
0.393614
0.372885
0.36068
0.35473
0.347794
0.344918
0.346424
0.353811
0.355905
0.352581
0.367057
0.377058
0.373818
0.431437
0.418275
0.381219
0.39582
0.397109
0.373908
0.391798
0.394623
0.41192
0.429064
0.451387
0.428391
0.410571
0.390095
0.418896
0.4124
0.42191
0.454387
0.404822
0.428102
0.429181
0.382492
0.368736
0.385291
0.381754
0.420497
0.391906
0.428787
0.400606
0.397881
0.436018
0.439791
0.446634
0.48333
0.433519
0.503657
0.495508
0.439186
0.41595
0.405914
0.388655
0.376013
0.377137
0.407795
0.42424
0.415077
0.417698
0.416887
0.401329
0.391073
0.370482
0.367376
0.374518
0.376274
0.380949
0.401461
0.402197
0.406642
0.437774
0.442827
0.41215
0.439862
0.396139
0.446047
0.528749
0.44764
0.458884
0.426536
0.401996
0.398267
0.433391
0.465954
0.389902
0.473769
0.485233
0.465733
0.457572
0.418712
0.459091
0.415397
0.394643
0.469598
0.46854
0.504842
0.448648
0.465669
0.492362
0.512516
0.523933
0.535769
0.491572
0.516329
0.524017
0.520797
0.538931
0.486771
0.486883
0.535194
0.470761
0.525216
0.485497
0.506575
0.490989
0.437556
0.478568
0.483641
0.467473
0.514482
0.516164
0.56735
0.556648
0.541488
0.591906
0.530825
0.527039
0.538576
0.525626
0.555606
0.523325
0.588162
0.591238
0.584923
0.590641
0.597756
0.544397
0.501045
0.481952
0.412341
0.479685
0.490691
0.445333
0.479527
0.479553
0.442602
0.398949
0.396091
0.396313
0.404866
0.467897
0.452317
0.428733
0.429992
0.412987
0.388137
0.373264
0.389957
0.395765
0.414461
0.47959
0.449424
0.474937
0.431675
0.420066
0.407078
0.428086
0.442495
0.425188
0.425183
0.413944
0.403236
0.369289
0.356349
0.369203
0.357705
0.360096
0.37421
0.378728
0.396168
0.40649
0.414511
0.460519
0.413106
0.457447
0.440496
0.462711
0.447213
0.447406
0.443494
0.437533
0.451251
0.436971
0.425645
0.428063
0.422291
0.438136
0.443572
0.407596
0.380585
0.379152
0.409252
0.408688
0.407336
0.390206
0.406879
0.403371
0.402274
0.396025
0.398596
0.408081
0.383009
0.370107
0.349161
0.364061
0.380527
0.367399
0.382121
0.386996
0.380651
0.413907
0.445762
0.401155
0.373524
0.399439
0.410471
0.405279
0.398033
0.416883
0.405556
0.387682
0.393454
0.424075
0.409791
0.419397
0.398888
0.363521
0.3933
0.38324
0.39985
0.408857
0.403026
0.400603
0.402708
0.390513
0.399599
0.377886
0.398243
0.412336
0.432693
0.418408
0.422132
0.435103
0.438469
0.442186
0.422711
0.439231
0.419639
0.409775
0.363701
0.430165
0.39226
0.424504
0.3826
0.372594
0.414586
0.412631
0.408168
0.414303
0.420707
0.384158
0.400984
0.446119
0.411766
0.432534
0.431889
0.408931
0.372562
0.385363
0.392061
0.383996
0.36879
0.398881
0.417108
0.40895
0.40092
0.386102
0.397861
0.412645
0.460082
0.50963
0.466675
0.433615
0.442928
0.425796
0.432441
0.4168
0.440008
0.411838
0.412642
0.415386
0.42127
0.420238
0.453563
0.393817
0.471722
0.413039
0.47832
0.439913
0.405334
0.416455
0.407639
0.46984
0.447306
0.45409
0.455683
0.44229
0.416728
0.414865
0.40995
0.402137
0.38889
0.409592
0.3714
0.362941
0.363938
0.366254
0.365753
0.367382
0.362598
0.386132
0.36588
0.355967
0.356526
0.349991
0.361787
0.343559
0.342882
0.348292
0.346073
0.337672
0.340326
0.346835
0.344542
0.354871
0.348945
0.354332
0.350438
0.348523
0.362951
0.375123
0.380804
0.382215
0.387608
0.38236
0.375702
0.396389
0.405382
0.384666
0.38094
0.372172
0.391479
0.380756
0.366676
0.361687
0.403033
0.383603
0.386899
0.414535
0.411495
0.3987
0.380983
0.40266
0.404576
0.369369
0.36151
0.354993
0.347077
0.353049
0.350469
0.357166
0.354839
0.35979
0.358455
0.363438
0.355608
0.369009
0.385729
0.397315
0.415574
0.430611
0.429978
0.428555
0.46053
0.481683
0.501457
0.448145
0.467789
0.499904
0.482047
0.48216
0.514719
0.525198
0.500907
0.460088
0.44801
0.403373
0.393789
0.398564
0.41101
0.47785
0.441462
0.379816
0.367992
0.421118
0.433594
0.470182
0.41544
0.418146
0.425667
0.391259
0.379135
0.404765
0.420808
0.457514
0.452858
0.481054
0.471227
0.466958
0.464697
0.502143
0.549233
0.477421
0.400834
0.426147
0.455009
0.468182
0.410715
0.366745
0.347617
0.363722
0.380523
0.369596
0.379511
0.371383
0.374336
0.372244
0.358136
0.374212
0.411484
0.441315
0.390836
0.413101
0.3845
0.3923
0.39413
0.405464
0.448281
0.502252
0.440623
0.435854
0.437906
0.415374
0.396119
0.371249
0.400299
0.379076
0.361675
0.383325
0.383318
0.408223
0.385268
0.387304
0.376218
0.371567
0.388054
0.404911
0.401238
0.395849
0.393191
0.393706
0.422619
0.416446
0.396926
0.423397
0.44182
0.416471
0.414143
0.409989
0.394956
0.393758
0.376177
0.42123
0.443555
0.406764
0.38352
0.430888
0.428231
0.418039
0.48134
0.472781
0.478169
0.490966
0.426933
0.460923
0.387724
0.37458
0.392822
0.439113
0.421199
0.438692
0.431416
0.459503
0.483032
0.501067
0.456364
0.439887
0.449954
0.472164
0.480272
0.480948
0.43729
0.431369
0.483579
0.516297
0.42163
0.419933
0.421588
0.422663
0.403358
0.391914
0.375496
0.382905
0.367293
0.370068
0.390951
0.405256
0.39074
0.372674
0.370293
0.369596
0.371039
0.372208
0.373308
0.372511
0.387538
0.39068
0.40181
0.410446
0.424422
0.446949
0.433649
0.396944
0.399633
0.399894
0.391532
0.416461
0.43131
0.378113
0.443727
0.43982
0.439052
0.441636
0.400007
0.414733
0.457677
0.419423
0.401789
0.359881
0.344882
0.354451
0.413526
0.41887
0.395369
0.465977
0.400305
0.431794
0.465853
0.438064
0.385558
0.394768
0.427368
0.436048
0.462852
0.506055
0.460428
0.411294
0.411113
0.423716
0.409135
0.421106
0.424056
0.440716
0.435324
0.43719
0.479445
0.451971
0.43872
0.415365
0.442079
0.459958
0.46035
0.489251
0.492272
0.51393
0.457539
0.465876
0.417375
0.433238
0.422345
0.433354
0.424898
0.429015
0.451483
0.44815
0.416279
0.441514
0.461812
0.44893
0.4442
0.442909
0.435056
0.432931
0.451762
0.483162
0.465381
0.467535
0.456881
0.470819
0.500684
0.462016
0.489636
0.49992
0.555122
0.552025
0.557243
0.576938
0.575652
0.476838
0.502938
0.573853
0.585415
0.575327
0.582238
0.525338
0.580968
0.539047
0.542717
0.504793
0.54448
0.521696
0.45879
0.458141
0.419928
0.411819
0.411557
0.377913
0.360508
0.386283
0.404964
0.373453
0.409461
0.45285
0.437647
0.373604
0.381696
0.423338
0.408462
0.43535
0.476888
0.396647
0.450594
0.441304
0.433116
0.427133
0.402006
0.373497
0.435853
0.436096
0.419204
0.432166
0.467293
0.426221
0.403736
0.464623
0.428932
0.417031
0.420452
0.427979
0.392137
0.398433
0.413029
0.419032
0.391741
0.384256
0.418606
0.399009
0.417797
0.422755
0.356171
0.349355
0.389066
0.459482
0.409696
0.488848
0.478353
0.410309
0.417701
0.419865
0.451178
0.40155
0.429446
0.448241
0.443854
0.443709
0.387911
0.415132
0.396922
0.384277
0.367898
0.366832
0.367095
0.361123
0.368454
0.360525
0.366997
0.359247
0.356605
0.352548
0.363482
0.354325
0.345856
0.357173
0.352044
0.346333
0.349937
0.361693
0.357361
0.365333
0.361455
0.374546
0.392593
0.39119
0.402067
0.383416
0.351023
0.383859
0.375393
0.356865
0.360869
0.363834
0.372081
0.383141
0.386746
0.386906
0.381373
0.362669
0.359461
0.352788
0.427971
0.427926
0.437436
0.384351
0.400572
0.401662
0.417951
0.424099
0.433566
0.475667
0.422479
0.401091
0.400505
0.415739
0.424968
0.408944
0.439885
0.437698
0.395871
0.389431
0.371451
0.358053
0.345624
0.348097
0.354978
0.351526
0.35299
0.349849
0.358658
0.367582
0.365918
0.371403
0.376581
0.364223
0.36197
0.363137
0.368304
0.36917
0.370549
0.362124
0.373798
0.379027
0.388107
0.400787
0.398527
0.39838
0.437941
0.441948
0.479722
0.490268
0.502469
0.464718
0.480175
0.475169
0.430386
0.493456
0.438192
0.458128
0.430213
0.5084
0.45195
0.450251
0.429386
0.381102
0.37366
0.383566
0.361027
0.351363
0.373976
0.391119
0.388343
0.369383
0.375086
0.372874
0.367362
0.36503
0.364321
0.350135
0.36083
0.367194
0.381061
0.448031
0.491745
0.448574
0.413368
0.372826
0.379609
0.390741
0.402558
0.407369
0.414602
0.40687
0.384599
0.392822
0.408455
0.502378
0.495731
0.502876
0.543559
0.495869
0.44381
0.501351
0.49376
0.43415
0.395499
0.444638
0.524206
0.570594
0.511115
0.54403
0.533525
0.497731
0.536052
0.513992
0.494745
0.506214
0.50489
0.486474
0.47998
0.549259
0.498066
0.489267
0.480268
0.469182
0.48906
0.528771
0.506916
0.514068
0.515769
0.516739
0.480226
0.527247
0.515447
0.491702
0.491535
0.436376
0.469194
0.453133
0.519915
0.432837
0.443372
0.47976
0.435204
0.444953
0.396014
0.417579
0.434787
0.425885
0.497937
0.501565
0.435726
0.419913
0.477235
0.451144
0.434806
0.498401
0.405103
0.403037
0.42729
0.447198
0.396363
0.440453
0.448504
0.438831
0.42536
0.394678
0.386017
0.379621
0.376843
0.364459
0.357517
0.360971
0.356791
0.354242
0.363965
0.362489
0.383889
0.3956
0.405184
0.400771
0.383523
0.370492
0.368894
0.363539
0.368554
0.359705
0.365391
0.377685
0.400567
0.392672
0.396868
0.422829
0.415357
0.388233
0.38766
0.382433
0.367454
0.379113
0.378109
0.364144
0.352054
0.348883
0.359279
0.373909
0.385376
0.362437
0.351702
0.347715
0.349976
0.355586
0.358976
0.374504
0.386658
0.39114
0.390407
0.417694
0.385063
0.398901
0.404712
0.414798
0.413404
0.395933
0.419388
0.409504
0.396644
0.388885
0.373701
0.401023
0.384247
0.376656
0.361668
0.363145
0.361028
0.352274
0.351533
0.351146
0.35678
0.359217
0.351735
0.338383
0.350874
0.349323
0.35531
0.362039
0.386769
0.387458
0.370189
0.383204
0.378108
0.372382
0.398288
0.40688
0.392617
0.390421
0.350699
0.367463
0.384848
0.379151
0.362087
0.355262
0.352416
0.370625
0.355692
0.349862
0.354643
0.366066
0.386446
0.362348
0.355825
0.373053
0.376561
0.388807
0.427818
0.403441
0.391223
0.391727
0.387353
0.382659
0.382586
0.382135
0.389608
0.398519
0.402537
0.382485
0.397522
0.416783
0.412335
0.421021
0.415047
0.424438
0.426368
0.440262
0.409097
0.460719
0.432587
0.439651
0.475025
0.394486
0.389649
0.414762
0.424659
0.392803
0.454974
0.417787
0.452663
0.472702
0.468654
0.406386
0.474329
0.505568
0.491041
0.481863
0.430156
0.463851
0.476623
0.49331
0.473028
0.513563
0.487702
0.496971
0.412665
0.476679
0.465612
0.406749
0.427449
0.420055
0.386104
0.394544
0.398319
0.448161
0.430443
0.441394
0.462249
0.392266
0.375385
0.370224
0.395056
0.457591
0.435585
0.483523
0.411199
0.417153
0.453171
0.510538
0.468599
0.436951
0.415126
0.38219
0.379581
0.38148
0.388934
0.412908
0.45035
0.423969
0.38582
0.423458
0.430288
0.442552
0.449462
0.446571
0.427624
0.417543
0.429818
0.448097
0.423194
0.423515
0.425472
0.399714
0.414707
0.433632
0.415543
0.433733
0.492414
0.442847
0.502749
0.456072
0.451831
0.501082
0.440262
0.444015
0.410491
0.382836
0.438193
0.459459
0.447705
0.468885
0.487983
0.471788
0.497986
0.506306
0.468629
0.417514
0.439384
0.436549
0.396755
0.444876
0.443847
0.43042
0.436289
0.452411
0.493708
0.490106
0.508274
0.492351
0.411454
0.389763
0.45186
0.436611
0.430286
0.430697
0.41016
0.411285
0.416619
0.374469
0.385494
0.384735
0.368294
0.370953
0.362366
0.396921
0.42017
0.431541
0.410161
0.423616
0.428439
0.439201
0.432459
0.414359
0.403243
0.393009
0.419102
0.382734
0.392833
0.373474
0.370506
0.375002
0.3807
0.385376
0.373114
0.360444
0.349373
0.360244
0.354639
0.356325
0.354615
0.351865
0.361153
0.364792
0.38706
0.380293
0.413856
0.386841
0.374781
0.363045
0.360299
0.365862
0.354445
0.364664
0.378577
0.36896
0.385392
0.368004
0.375108
0.383014
0.372706
0.368104
0.343898
0.348839
0.366785
0.381548
0.382765
0.400456
0.392148
0.385112
0.390668
0.397588
0.399898
0.377781
0.387686
0.397985
0.390461
0.399278
0.405855
0.364311
0.348205
0.37579
0.376394
0.388131
0.37947
0.394837
0.385707
0.399785
0.387845
0.413955
0.459606
0.429484
0.41607
0.43224
0.418401
0.410142
0.404731
0.40419
0.376882
0.360575
0.355484
0.381617
0.504116
0.38192
0.36822
0.409455
0.362139
0.361258
0.368825
0.374296
0.371952
0.365161
0.370211
0.358691
0.378776
0.353391
0.357579
0.36129
0.372837
0.386558
0.395676
0.401793
0.40683
0.38225
0.364098
0.358848
0.372052
0.386435
0.363457
0.373711
0.364046
0.375796
0.398279
0.393509
0.370755
0.38666
0.394409
0.388541
0.380783
0.396223
0.403376
0.435305
0.500806
0.401516
0.410093
0.460403
0.50157
0.465305
0.45947
0.477928
0.481154
0.425605
0.417419
0.418931
0.452913
0.449796
0.412418
0.512442
0.5122
0.480331
0.479151
0.492767
0.499517
0.45051
0.443715
0.505199
0.480827
0.440494
0.389621
0.370903
0.362916
0.449991
0.473038
0.488295
0.459498
0.441922
0.489141
0.473602
0.480699
0.465721
0.396611
0.386769
0.375964
0.373645
0.367991
0.362257
0.361562
0.355731
0.34295
0.346981
0.349613
0.348424
0.356844
0.371379
0.362593
0.37023
0.363674
0.396774
0.417338
0.382807
0.37568
0.373256
0.396944
0.404055
0.416958
0.424761
0.399144
0.365474
0.394112
0.400003
0.392027
0.404777
0.387053
0.380172
0.381855
0.38971
0.404929
0.397101
0.389616
0.405128
0.403365
0.411324
0.400448
0.395025
0.399331
0.395422
0.365847
0.398124
0.37621
0.374067
0.365264
0.380061
0.379999
0.388667
0.365684
0.353016
0.362248
0.354127
0.352146
0.346125
0.346302
0.35454
0.355474
0.348834
0.348035
0.346487
0.372027
0.387841
0.404475
0.402168
0.379135
0.391522
0.386014
0.37593
0.363218
0.356882
0.350334
0.358561
0.359304
0.33772
0.354631
0.380928
0.385279
0.36985
0.375119
0.354403
0.358339
0.361148
0.346177
0.345381
0.348273
0.364064
0.36077
0.360763
0.382263
0.365348
0.365538
0.365186
0.348592
0.349111
0.348037
0.336204
0.353042
0.337634
0.346132
0.350669
0.352686
0.347129
0.347256
0.342086
0.341404
0.347247
0.359956
0.355134
0.35556
0.366254
0.369105
0.362464
0.375918
0.397282
0.385415
0.374866
0.36836
0.355525
0.347824
0.358338
0.347828
0.360017
0.367154
0.377776
0.391629
0.395401
0.388828
0.405524
0.417178
0.415424
0.402929
0.42463
0.414315
0.416914
0.422709
0.412719
0.410307
0.412181
0.411803
0.442472
0.393925
0.378714
0.379712
0.389432
0.37936
0.388033
0.388487
0.398229
0.424458
0.406794
0.391811
0.368271
0.362672
0.367749
0.406888
0.401989
0.3988
0.389506
0.391547
0.405837
0.392946
0.409981
0.36875
0.40177
0.396474
0.401155
0.379148
0.391684
0.435462
0.408336
0.433587
0.452525
0.407981
0.39255
0.424101
0.416943
0.414985
0.441305
0.409691
0.423658
0.392323
0.408955
0.458427
0.44067
0.422696
0.464945
0.451807
0.4663
0.454432
0.459915
0.482781
0.505483
0.447522
0.440058
0.447851
0.464621
0.481439
0.496245
0.451189
0.430548
0.439648
0.438959
0.432258
0.469506
0.506205
0.485957
0.491539
0.462171
0.436166
0.437618
0.460618
0.416901
0.423557
0.434745
0.43098
0.379311
0.434047
0.464354
0.456805
0.475942
0.470167
0.443839
0.446549
0.434381
0.42353
0.4229
0.424618
0.445926
0.433521
0.436533
0.458971
0.499066
0.474244
0.442462
0.4724
0.47479
0.501484
0.504518
0.485147
0.436545
0.453598
0.518807
0.4566
0.480846
0.455816
0.460401
0.537281
0.540069
0.503038
0.499094
0.447831
0.420832
0.413141
0.408895
0.405465
0.404151
0.402024
0.410512
0.418887
0.418618
0.412818
0.434173
0.446311
0.463378
0.461426
0.427031
0.418507
0.427851
0.467276
0.447242
0.484456
0.473213
0.500568
0.508744
0.507665
0.518871
0.508462
0.58172
0.573184
0.495853
0.422475
0.408941
0.42372
0.415333
0.409376
0.422073
0.415762
0.447435
0.422271
0.415111
0.436528
0.415767
0.410416
0.425257
0.405501
0.373346
0.382795
0.418267
0.395442
0.417515
0.410116
0.434119
0.442437
0.428708
0.416328
0.426364
0.410225
0.405638
0.422348
0.415781
0.396229
0.418923
0.457787
0.41624
0.444435
0.410297
0.446529
0.400555
0.420238
0.414769
0.400639
0.403378
0.443185
0.401883
0.447043
0.417718
0.417873
0.451872
0.43608
0.408544
0.386458
0.39366
0.390111
0.398599
0.37293
0.416171
0.406937
0.388686
0.390971
0.381907
0.379647
0.398032
0.390071
0.359643
0.340273
0.356927
0.413872
0.397995
0.388321
0.388065
0.406495
0.383329
0.373388
0.359177
0.351331
0.360329
0.357021
0.36892
0.380129
0.382953
0.390679
0.371937
0.390808
0.424615
0.433321
0.423141
0.39651
0.396069
0.420698
0.363066
0.393123
0.385614
0.406392
0.393199
0.404603
0.398681
0.379851
0.388639
0.412982
0.423682
0.415143
0.421944
0.410166
0.436897
0.433025
0.392228
0.395716
0.408549
0.388395
0.381772
0.374344
0.384496
0.404404
0.403879
0.377429
0.402495
0.401984
0.382535
0.392748
0.421652
0.41807
0.393434
0.391867
0.40099
0.406588
0.43156
0.387686
0.422284
0.428054
0.408206
0.397075
0.440647
0.408565
0.393905
0.356429
0.352713
0.35784
0.359552
0.355735
0.361187
0.345244
0.334947
0.344969
0.344243
0.338787
0.340043
0.339209
0.336741
0.361672
0.341634
0.341962
0.341784
0.351886
0.352033
0.355192
0.367087
0.385516
0.396023
0.355675
0.36366
0.383428
0.382565
0.370077
0.364964
0.351146
0.349959
0.341419
0.350369
0.342276
0.332907
0.336513
0.340331
0.344731
0.351427
0.346515
0.341981
0.336355
0.344841
0.342838
0.343937
0.342202
0.343191
0.346394
0.362938
0.34631
0.34815
0.344578
0.355267
0.342497
0.354308
0.343585
0.345902
0.336013
0.334229
0.330035
0.339931
0.351063
0.339537
0.343234
0.347458
0.337416
0.339892
0.35031
0.345741
0.335949
0.359319
0.363959
0.368181
0.375317
0.379205
0.400229
0.390909
0.388058
0.371017
0.380641
0.371013
0.377477
0.369665
0.388172
0.387943
0.382194
0.361559
0.363888
0.378625
0.403877
0.364963
0.377707
0.379794
0.375523
0.361217
0.371335
0.386795
0.376502
0.376815
0.364393
0.382202
0.383204
0.396962
0.369415
0.357721
0.350052
0.353158
0.344662
0.347351
0.3401
0.348627
0.330122
0.349514
0.338465
0.343233
0.350349
0.352451
0.345251
0.34539
0.342497
0.34858
0.353552
0.350639
0.347089
0.343838
0.341339
0.339199
0.354611
0.336113
0.345101
0.339334
0.343252
0.35195
0.346073
0.348586
0.335506
0.339363
0.345804
0.35049
0.344872
0.34886
0.359036
0.362208
0.364753
0.370804
0.370807
0.363668
0.352644
0.357155
0.355591
0.355452
0.367998
0.368564
0.365611
0.359452
0.368435
0.39113
0.400662
0.403108
0.407342
0.445094
0.412798
0.373773
0.386226
0.380205
0.37172
0.395677
0.402178
0.393028
0.408747
0.419751
0.439806
0.462869
0.43981
0.41999
0.424816
0.438321
0.432868
0.438154
0.388779
0.443532
0.415584
0.394706
0.373761
0.360058
0.370147
0.375623
0.378228
0.391868
0.398897
0.388233
0.367776
0.361621
0.349624
0.358461
0.362944
0.363884
0.355564
0.357741
0.363033
0.365361
0.389303
0.392116
0.413146
0.399266
0.387239
0.378972
0.366941
0.380684
0.371213
0.370996
0.385654
0.381514
0.387422
0.407467
0.413601
0.426262
0.436289
0.471507
0.473147
0.437671
0.446588
0.480733
0.480345
0.482225
0.468718
0.451516
0.506867
0.533727
0.496645
0.513262
0.54947
0.475681
0.402298
0.417314
0.416391
0.362271
0.367249
0.433834
0.431999
0.437769
0.436762
0.432322
0.39459
0.374442
0.385909
0.434146
0.462038
0.479011
0.468755
0.465731
0.409873
0.491387
0.488771
0.402094
0.392331
0.388249
0.379867
0.370931
0.368031
0.368759
0.345067
0.359074
0.346321
0.348692
0.338219
0.344493
0.351144
0.356096
0.355239
0.363816
0.353787
0.35773
0.367833
0.371786
0.378131
0.383369
0.370616
0.401586
0.406472
0.39358
0.382753
0.398604
0.396842
0.379387
0.379122
0.374831
0.375677
0.387173
0.413156
0.418087
0.422843
0.431329
0.413196
0.418782
0.406577
0.375545
0.391918
0.382991
0.417305
0.387058
0.383027
0.358839
0.38034
0.377022
0.378878
0.367527
0.37783
0.388348
0.401696
0.382017
0.373958
0.360993
0.355488
0.339419
0.346015
0.340697
0.349873
0.354364
0.338745
0.350036
0.348949
0.338474
0.347541
0.337034
0.344955
0.35159
0.348549
0.351581
0.373758
0.386948
0.380331
0.381726
0.36982
0.367422
0.348753
0.343429
0.355543
0.333156
0.352126
0.355993
0.364226
0.352291
0.353235
0.356639
0.353261
0.367308
0.392427
0.41598
0.416241
0.425739
0.403361
0.384511
0.424828
0.392409
0.408215
0.401874
0.406982
0.409805
0.384018
0.387144
0.391222
0.405422
0.389001
0.379854
0.396095
0.413199
0.414539
0.432579
0.407385
0.41653
0.392367
0.41567
0.401289
0.40082
0.412224
0.396254
0.382826
0.392314
0.392535
0.400208
0.397542
0.394081
0.403826
0.392255
0.398004
0.393916
0.385538
0.375775
0.375169
0.40466
0.365164
0.421179
0.430669
0.401724
0.393617
0.380177
0.365821
0.37031
0.374051
0.401561
0.415638
0.415993
0.400744
0.428056
0.444833
0.46844
0.448683
0.413083
0.379421
0.431442
0.413918
0.379806
0.362172
0.357315
0.388806
0.469179
0.412466
0.372776
0.40464
0.454167
0.48096
0.435481
0.443026
0.466297
0.442679
0.434294
0.405708
0.423011
0.396607
0.427772
0.393286
0.404899
0.404648
0.416484
0.446351
0.459246
0.445797
0.434373
0.445969
0.459575
0.43064
0.479094
0.472374
0.450939
0.442979
0.456531
0.414744
0.422537
0.441293
0.481341
0.457893
0.499141
0.482203
0.433658
0.449404
0.443543
0.426681
0.406061
0.385698
0.38096
0.385874
0.386036
0.380029
0.373481
0.380341
0.361291
0.37551
0.397504
0.409939
0.400874
0.383565
0.36091
0.353231
0.3606
0.354733
0.351263
0.346616
0.351315
0.36216
0.355501
0.360601
0.35975
0.359564
0.375655
0.384062
0.373384
0.359879
0.357614
0.355392
0.365544
0.372785
0.375285
0.402178
0.393594
0.421741
0.400564
0.380509
0.417683
0.444075
0.445359
0.418513
0.421611
0.439843
0.484507
0.431693
0.433783
0.490872
0.404483
0.410481
0.425464
0.48024
0.479888
0.48843
0.46226
0.390207
0.454173
0.492326
0.410529
0.464456
0.472752
0.448574
0.45386
0.479687
0.451815
0.451329
0.43819
0.433133
0.424343
0.4471
0.419713
0.417407
0.417285
0.414391
0.412859
0.404099
0.449983
0.4741
0.462461
0.535938
0.446011
0.486624
0.483462
0.545537
0.451919
0.478206
0.477751
0.458085
0.467377
0.468521
0.493659
0.455139
0.529416
0.469722
0.484202
0.486501
0.526226
0.526354
0.549467
0.569065
0.566849
0.575109
0.573083
0.486648
0.405266
0.412945
0.418032
0.415062
0.435587
0.419684
0.40344
0.435003
0.383266
0.415047
0.451779
0.442681
0.435567
0.438151
0.405481
0.393606
0.386686
0.387349
0.39996
0.416337
0.434441
0.400347
0.459647
0.425773
0.41
0.402899
0.413291
0.414009
0.406218
0.405737
0.427999
0.451755
0.4318
0.432723
0.450943
0.462005
0.42997
0.428139
0.409244
0.440644
0.429178
0.419395
0.424457
0.488713
0.449942
0.422043
0.413071
0.435519
0.419392
0.398671
0.401213
0.409106
0.412841
0.413316
0.409524
0.428689
0.410075
0.397001
0.385285
0.357155
0.370771
0.369579
0.361373
0.369678
0.37314
0.388588
0.367493
0.363917
0.37361
0.39126
0.377034
0.412169
0.396691
0.388191
0.399372
0.399219
0.404223
0.464713
0.508371
0.454337
0.479577
0.441036
0.483658
0.466757
0.482154
0.423373
0.422264
0.418947
0.411088
0.434731
0.461743
0.441674
0.400843
0.408731
0.4188
0.42861
0.457923
0.424733
0.424752
0.380285
0.377555
0.365942
0.356367
0.36076
0.384094
0.392098
0.401141
0.385858
0.399028
0.385338
0.393263
0.377467
0.364678
0.375089
0.382737
0.402963
0.406039
0.409411
0.409132
0.441874
0.381488
0.409442
0.440657
0.41808
0.392248
0.420671
0.3897
0.391503
0.368083
0.377873
0.36115
0.353392
0.371697
0.384882
0.405193
0.410016
0.401562
0.391085
0.366891
0.368044
0.385822
0.367481
0.433864
0.43089
0.412648
0.398501
0.431076
0.397601
0.400038
0.423638
0.429545
0.408487
0.410665
0.404506
0.40168
0.41991
0.421955
0.404025
0.400287
0.399421
0.377026
0.434693
0.428486
0.442757
0.442425
0.43817
0.40539
0.435318
0.442777
0.41487
0.458828
0.476634
0.47332
0.450404
0.403344
0.478268
0.465462
0.458531
0.489402
0.469128
0.394835
0.396191
0.441374
0.411551
0.458696
0.480482
0.425703
0.421999
0.450848
0.460367
0.471587
0.495116
0.474727
0.4145
0.389234
0.434027
0.416573
0.424828
0.381267
0.460242
0.416793
0.429545
0.399965
0.443239
0.415367
0.505864
0.498622
0.521995
0.468239
0.510248
0.494113
0.465652
0.506136
0.396785
0.459936
0.383694
0.367349
0.450376
0.37484
0.49197
0.540298
0.485981
0.472636
0.437904
0.491592
0.469176
0.42341
0.412673
0.426135
0.427703
0.432313
0.444251
0.458346
0.43102
0.391809
0.396172
0.432824
0.421754
0.479119
0.446341
0.443011
0.443787
0.409721
0.415486
0.398162
0.40247
0.456288
0.462416
0.43559
0.45448
0.395038
0.458814
0.415373
0.397141
0.386644
0.38701
0.381763
0.378693
0.407326
0.428431
0.475603
0.448057
0.462711
0.470128
0.450643
0.472349
0.479777
0.481815
0.459821
0.442348
0.480165
0.433497
0.399102
0.409352
0.433833
0.437857
0.44937
0.445848
0.432901
0.456274
0.420394
0.397786
0.388074
0.384904
0.387086
0.397585
0.374549
0.382134
0.379231
0.373959
0.39734
0.427813
0.388732
0.392892
0.381185
0.369343
0.375122
0.399697
0.417722
0.439714
0.442045
0.449128
0.432089
0.429342
0.395664
0.429566
0.465682
0.414877
0.449058
0.477153
0.470921
0.465237
0.414958
0.537579
0.560757
0.623731
0.588545
0.619319
0.581568
0.538742
0.57646
0.551011
0.534212
0.533548
0.557578
0.459706
0.498763
0.463698
0.481527
0.539807
0.53125
0.510416
0.471969
0.453895
0.441995
0.435463
0.41043
0.414217
0.404279
0.415115
0.414849
0.421166
0.406458
0.403326
0.418095
0.448641
0.476589
0.472343
0.433331
0.421737
0.411346
0.443322
0.426806
0.471912
0.477896
0.503433
0.501506
0.469528
0.458637
0.466599
0.47558
0.441367
0.434574
0.419214
0.414727
0.415648
0.407093
0.456633
0.438359
0.479032
0.460135
0.450643
0.473286
0.467757
0.481062
0.480018
0.428609
0.421874
0.458909
0.44356
0.417327
0.420805
0.481832
0.445733
0.433867
0.457961
0.434599
0.44833
0.448473
0.433929
0.42924
0.409059
0.436813
0.443814
0.448969
0.436579
0.438441
0.456909
0.434375
0.426709
0.435464
0.469636
0.459485
0.438377
0.432246
0.44402
0.423634
0.453186
0.441261
0.413171
0.410921
0.426308
0.404144
0.407464
0.428947
0.456297
0.471256
0.481498
0.492596
0.463744
0.495458
0.495131
0.509637
0.49965
0.463932
0.49518
0.521707
0.4805
0.501403
0.508102
0.534973
0.484104
0.433576
0.414887
0.406068
0.400379
0.425518
0.419156
0.441065
0.422793
0.416916
0.429058
0.402815
0.417359
0.380882
0.439816
0.442676
0.375596
0.3822
0.413893
0.45433
0.426752
0.424524
0.441108
0.427025
0.473355
0.502853
0.470906
0.458363
0.462945
0.464438
0.450959
0.435393
0.409175
0.40142
0.393525
0.388055
0.398045
0.402892
0.417828
0.384418
0.406697
0.39092
0.428523
0.459922
0.419658
0.427081
0.449344
0.441794
0.417934
0.436387
0.424531
0.448459
0.45669
0.49004
0.473845
0.491628
0.522865
0.50377
0.427518
0.460034
0.429851
0.382772
0.378519
0.367635
0.366871
0.374597
0.366044
0.363584
0.359128
0.358981
0.359497
0.359368
0.377897
0.365979
0.368769
0.366845
0.368407
0.359474
0.353534
0.367879
0.360606
0.371999
0.366127
0.377593
0.395745
0.394496
0.415487
0.432715
0.441842
0.490273
0.463979
0.48866
0.501671
0.499016
0.495011
0.510812
0.463552
0.477783
0.466678
0.44776
0.440359
0.409486
0.470036
0.459123
0.48899
0.509911
0.426735
0.391655
0.455842
0.43033
0.453418
0.393728
0.373062
0.424503
0.46358
0.431518
0.406373
0.409634
0.392003
0.461478
0.446298
0.441668
0.493732
0.447464
0.419999
0.368972
0.366723
0.366291
0.362835
0.379761
0.407282
0.410062
0.432205
0.432446
0.419211
0.428619
0.425063
0.434352
0.440478
0.425986
0.410915
0.409194
0.415758
0.425998
0.405926
0.470559
0.468575
0.506208
0.450062
0.412574
0.419402
0.425917
0.410998
0.417477
0.426828
0.44184
0.49894
0.494642
0.491022
0.478762
0.517016
0.560281
0.568799
0.504338
0.484912
0.482332
0.496443
0.489486
0.48165
0.494066
0.534528
0.522503
0.525222
0.599385
0.579371
0.596101
0.555662
0.514339
0.545989
0.495989
0.532423
0.46533
0.504272
0.545159
0.508121
0.528857
0.513785
0.453148
0.479588
0.505034
0.463437
0.407265
0.500774
0.524163
0.451573
0.481242
0.514394
0.520718
0.454274
0.448649
0.454714
0.465196
0.457416
0.486761
0.443319
0.480269
0.54563
0.505504
0.491127
0.514562
0.470332
0.436775
0.466469
0.492422
0.428025
0.446604
0.478939
0.451507
0.407283
0.443415
0.417636
0.434073
0.432153
0.427308
0.394006
0.398582
0.406653
0.432956
0.402503
0.394887
0.397516
0.413616
0.408818
0.413461
0.400258
0.39903
0.418576
0.441852
0.442247
0.424832
0.450944
0.444463
0.46124
0.507347
0.486103
0.534734
0.520207
0.524516
0.49473
0.42246
0.487001
0.500995
0.484348
0.449699
0.429719
0.414
0.47212
0.409502
0.460441
0.532219
0.415038
0.433641
0.39042
0.463024
0.481269
0.461422
0.412763
0.483926
0.48978
0.493462
0.48016
0.444499
0.424521
0.391292
0.419658
0.433951
0.451616
0.412594
0.424259
0.475841
0.442803
0.451309
0.448161
0.39511
0.444222
0.453717
0.449348
0.434007
0.435542
0.424749
0.489681
0.475662
0.443561
0.415063
0.410237
0.459612
0.44732
0.477031
0.48533
0.468622
0.409292
0.433513
0.433259
0.446275
0.514233
0.517888
0.47357
0.481798
0.474639
0.46535
0.506387
0.487335
0.461269
0.402223
0.396747
0.443469
0.522278
0.503646
0.504511
0.480472
0.492017
0.472788
0.46345
0.484545
0.491856
0.521042
0.480414
0.481685
0.499843
0.515911
0.481064
0.495103
0.465448
0.43263
0.404945
0.456419
0.444493
0.419939
0.427771
0.506317
0.465468
0.392909
0.487496
0.467896
0.47415
0.477514
0.454725
0.516094
0.517893
0.50937
0.494622
0.434481
0.429917
0.421276
0.41244
0.381108
0.373936
0.372394
0.363627
0.352435
0.353882
0.354211
0.365367
0.364318
0.376127
0.371736
0.388955
0.386882
0.419228
0.397655
0.398596
0.399154
0.406524
0.446687
0.448089
0.448128
0.479378
0.472285
0.449472
0.471663
0.448219
0.401474
0.413467
0.443957
0.399121
0.43241
0.430676
0.418653
0.409284
0.3665
0.420219
0.450454
0.364401
0.413716
0.419694
0.461171
0.429366
0.365079
0.438899
0.467178
0.496136
0.447603
0.419248
0.461417
0.448088
0.442382
0.453245
0.374646
0.385601
0.432563
0.442418
0.494291
0.412892
0.442747
0.446179
0.431656
0.458351
0.431539
0.401401
0.367497
0.376446
0.398744
0.383515
0.378599
0.372858
0.36601
0.370794
0.37121
0.381702
0.371702
0.402638
0.440884
0.469413
0.474718
0.451944
0.482253
0.523793
0.488609
0.486227
0.520425
0.496159
0.524212
0.51602
0.477038
0.540017
0.528195
0.4988
0.517451
0.487655
0.511334
0.493954
0.530152
0.4923
0.457741
0.546852
0.515407
0.482238
0.547166
0.541565
0.546192
0.538293
0.522143
0.523022
0.46663
0.539696
0.592297
0.591715
0.551351
0.588059
0.556408
0.514561
0.530809
0.527325
0.414131
0.433302
0.423298
0.404645
0.367842
0.362364
0.357119
0.373281
0.380672
0.389988
0.409396
0.41496
0.419761
0.426288
0.401878
0.37972
0.37082
0.374348
0.38264
0.391863
0.394168
0.402202
0.406042
0.389604
0.407129
0.392936
0.42628
0.43924
0.417594
0.394307
0.389731
0.426508
0.440405
0.440588
0.396911
0.40356
0.426444
0.423788
0.444872
0.428486
0.423836
0.402582
0.404876
0.399453
0.4457
0.456829
0.460988
0.410707
0.433642
0.428904
0.463753
0.436412
0.423573
0.421609
0.398375
0.412068
0.373673
0.401653
0.42482
0.39945
0.44529
0.41071
0.393497
0.385811
0.471797
0.437068
0.429503
0.420886
0.409264
0.417257
0.411001
0.403784
0.383166
0.388898
0.396699
0.37891
0.400798
0.421765
0.401242
0.380771
0.37129
0.376684
0.3718
0.372472
0.369124
0.355723
0.348536
0.348359
0.340709
0.349025
0.347687
0.344114
0.348075
0.364071
0.363578
0.368364
0.389431
0.397297
0.419563
0.3974
0.386054
0.385912
0.346767
0.352037
0.356435
0.363239
0.348434
0.366708
0.376493
0.38197
0.403709
0.410109
0.398697
0.411618
0.425618
0.428965
0.415888
0.370461
0.477538
0.489546
0.419563
0.381387
0.368966
0.374779
0.369236
0.35758
0.368049
0.373043
0.372073
0.364902
0.353562
0.35266
0.36099
0.347228
0.369461
0.378774
0.378026
0.377496
0.383203
0.365553
0.354678
0.358369
0.371866
0.355363
0.357953
0.361493
0.377564
0.424498
0.40462
0.408252
0.435131
0.434156
0.434545
0.457703
0.463163
0.420594
0.413458
0.439972
0.447416
0.419599
0.464093
0.45386
0.500303
0.496242
0.374356
0.428423
0.445315
0.441451
0.431096
0.432491
0.432021
0.417928
0.410959
0.404261
0.388527
0.377585
0.378428
0.377857
0.367729
0.363463
0.363341
0.365393
0.3859
0.389666
0.374692
0.377315
0.390282
0.383917
0.379302
0.383701
0.385317
0.396494
0.397736
0.357422
0.41806
0.425804
0.432834
0.428196
0.435589
0.438653
0.423112
0.443556
0.437367
0.416102
0.427578
0.410733
0.366397
0.358031
0.352046
0.360141
0.382167
0.39817
0.415694
0.383578
0.388248
0.429846
0.397976
0.433614
0.418102
0.385817
0.387601
0.387473
0.37137
0.365217
0.347116
0.348136
0.340174
0.350765
0.348962
0.349457
0.340551
0.342894
0.338707
0.348631
0.36033
0.355603
0.339398
0.348269
0.365488
0.360337
0.342704
0.352029
0.360006
0.371889
0.381683
0.403311
0.387977
0.380917
0.366205
0.351197
0.348513
0.350699
0.349175
0.363159
0.377963
0.376214
0.357483
0.360842
0.381761
0.420388
0.425347
0.453778
0.374562
0.400584
0.453394
0.418453
0.408958
0.401462
0.42256
0.458998
0.447992
0.465333
0.42327
0.41147
0.394175
0.422355
0.430649
0.479274
0.482638
0.430073
0.496188
0.524491
0.517952
0.458444
0.481458
0.600752
0.592086
0.613213
0.585891
0.572114
0.584107
0.584364
0.536796
0.527301
0.531554
0.547568
0.581019
0.544107
0.548831
0.550195
0.53481
0.537497
0.542133
0.506175
0.533323
0.495248
0.517118
0.49243
0.472633
0.455603
0.512585
0.523352
0.53872
0.517528
0.520566
0.464668
0.462461
0.426243
0.435599
0.495204
0.514278
0.534599
0.521313
0.523586
0.521037
0.513594
0.436704
0.449636
0.42983
0.492988
0.535343
0.53457
0.460394
0.493636
0.537743
0.518475
0.507495
0.434944
0.484526
0.517836
0.456866
0.457089
0.510224
0.510026
0.493131
0.51282
0.538592
0.519193
0.523107
0.538792
0.551464
0.548174
0.542445
0.528272
0.526422
0.479201
0.415841
0.407257
0.401812
0.402248
0.402429
0.397894
0.428878
0.40856
0.399491
0.413719
0.422339
0.416961
0.416192
0.414945
0.406842
0.414797
0.372153
0.401571
0.418286
0.423721
0.435178
0.411551
0.46712
0.443874
0.500143
0.503349
0.439313
0.460027
0.464897
0.444512
0.423189
0.453937
0.433988
0.413483
0.440179
0.427228
0.45615
0.46068
0.517989
0.505027
0.501509
0.438396
0.442422
0.461528
0.426244
0.503452
0.490713
0.506074
0.535767
0.502005
0.470941
0.414892
0.413832
0.447811
0.413225
0.417569
0.487155
0.531556
0.513158
0.525348
0.501826
0.513933
0.42864
0.469719
0.461657
0.513922
0.521735
0.45524
0.504807
0.463396
0.486346
0.531113
0.540056
0.440453
0.433231
0.422936
0.473475
0.505768
0.401804
0.402097
0.426738
0.509609
0.531968
0.536077
0.518748
0.525871
0.457427
0.489915
0.510901
0.486922
0.507161
0.518565
0.51139
0.461828
0.494851
0.536232
0.522995
0.536825
0.502225
0.532973
0.535568
0.489829
0.548068
0.519586
0.493686
0.483332
0.46957
0.443157
0.417941
0.444581
0.448049
0.452286
0.451074
0.43751
0.465964
0.502283
0.517958
0.492816
0.459339
0.501395
0.549765
0.545428
0.456104
0.486774
0.430047
0.439822
0.436886
0.452798
0.434193
0.4459
0.471272
0.479253
0.523023
0.422962
0.46679
0.487484
0.468596
0.450145
0.431639
0.45461
0.45735
0.447383
0.445765
0.461468
0.48912
0.443615
0.465682
0.466353
0.474541
0.40897
0.445935
0.452516
0.428868
0.430912
0.439165
0.422725
0.38657
0.383447
0.398409
0.369331
0.363953
0.366533
0.378255
0.37288
0.37728
0.37925
0.396842
0.391677
0.400753
0.394482
0.377522
0.404998
0.400925
0.417861
0.387803
0.380884
0.378754
0.386116
0.404327
0.381066
0.380711
0.394488
0.392115
0.408867
0.383441
0.401086
0.376462
0.365497
0.366737
0.384473
0.38031
0.384906
0.390775
0.388021
0.413019
0.405759
0.413395
0.395416
0.394425
0.429276
0.490892
0.453472
0.417376
0.422613
0.424527
0.415519
0.431606
0.446442
0.443619
0.406687
0.432591
0.399845
0.434641
0.419126
0.410344
0.423918
0.40073
0.391484
0.422184
0.429715
0.438053
0.464851
0.43688
0.439692
0.445733
0.416166
0.466461
0.474974
0.470828
0.481527
0.437945
0.425867
0.396061
0.43554
0.474247
0.49156
0.466535
0.501787
0.487627
0.493884
0.47253
0.45943
0.490273
0.445179
0.442878
0.452001
0.462374
0.446177
0.461668
0.459178
0.44807
0.495722
0.504146
0.482712
0.444172
0.493498
0.471788
0.454615
0.451378
0.477793
0.449817
0.460075
0.449202
0.410815
0.39982
0.393007
0.393187
0.41315
0.447126
0.453446
0.429624
0.442299
0.424302
0.429623
0.422853
0.407802
0.424516
0.429607
0.451756
0.463037
0.459872
0.471068
0.472397
0.46591
0.457214
0.405262
0.459844
0.412542
0.502646
0.491907
0.455954
0.458922
0.440667
0.460403
0.451247
0.478896
0.467618
0.474313
0.49075
0.488841
0.436157
0.466857
0.467022
0.462568
0.507112
0.502979
0.476435
0.467814
0.456955
0.479417
0.470881
0.445918
0.428975
0.401105
0.400838
0.404426
0.422892
0.434809
0.439686
0.41429
0.392991
0.400517
0.382658
0.376762
0.371676
0.382447
0.39576
0.414978
0.44613
0.48068
0.475433
0.485311
0.503355
0.496409
0.473941
0.447026
0.466365
0.483742
0.443466
0.462813
0.467438
0.440878
0.428819
0.436066
0.423622
0.4221
0.4629
0.491782
0.503925
0.547421
0.526799
0.588852
0.579182
0.550452
0.561844
0.599285
0.570575
0.557195
0.525055
0.40296
0.380456
0.396059
0.398009
0.374325
0.389215
0.430917
0.373444
0.36275
0.369684
0.373593
0.385783
0.375628
0.362175
0.362715
0.352384
0.350567
0.360002
0.366875
0.399699
0.407308
0.386266
0.362486
0.348507
0.357206
0.351168
0.351835
0.349984
0.342397
0.352112
0.345511
0.354641
0.35951
0.35472
0.339329
0.342363
0.352289
0.35306
0.34353
0.35322
0.349996
0.342663
0.343362
0.343815
0.374961
0.350872
0.343504
0.352177
0.357366
0.363308
0.370021
0.390482
0.405816
0.395516
0.383025
0.374643
0.380693
0.359713
0.362012
0.360918
0.362539
0.363311
0.377946
0.391224
0.397457
0.398973
0.392054
0.377088
0.367444
0.369181
0.361772
0.378391
0.417881
0.443347
0.434785
0.449699
0.430662
0.458946
0.409937
0.448078
0.442019
0.433682
0.421958
0.430249
0.441112
0.439958
0.44607
0.418564
0.403281
0.404379
0.416847
0.455926
0.462047
0.468642
0.44658
0.41622
0.398968
0.443411
0.425619
0.406764
0.421853
0.435259
0.455237
0.411926
0.428057
0.433474
0.434437
0.405991
0.399718
0.415985
0.432838
0.457752
0.482106
0.500724
0.492062
0.499712
0.494713
0.493802
0.518164
0.533837
0.504047
0.496163
0.568594
0.522575
0.499825
0.537086
0.505107
0.559564
0.457663
0.548514
0.508178
0.450371
0.421079
0.410653
0.390646
0.476683
0.453237
0.459138
0.500027
0.459868
0.502041
0.477307
0.474411
0.534291
0.544401
0.564478
0.498891
0.509734
0.479013
0.495758
0.498908
0.525573
0.481965
0.439644
0.441384
0.471692
0.465149
0.532183
0.498947
0.510587
0.486796
0.498202
0.483632
0.468414
0.484397
0.483793
0.42765
0.455661
0.437613
0.451718
0.471868
0.455256
0.453328
0.463934
0.4958
0.452693
0.409415
0.380486
0.423235
0.454895
0.500178
0.475666
0.490395
0.403988
0.51159
0.50479
0.477733
0.47685
0.464169
0.467813
0.459465
0.442229
0.448462
0.462163
0.447213
0.428376
0.436627
0.444856
0.423408
0.404398
0.40547
0.42106
0.456277
0.491616
0.482204
0.389999
0.463417
0.509317
0.485282
0.493111
0.536995
0.552256
0.539671
0.527904
0.505392
0.473934
0.500804
0.51016
0.533736
0.548052
0.412554
0.438382
0.450082
0.446712
0.43927
0.484767
0.518491
0.471861
0.506708
0.51051
0.518244
0.49591
0.523881
0.527588
0.447647
0.489178
0.501795
0.514328
0.527132
0.519594
0.49424
0.478356
0.432004
0.556809
0.516038
0.545146
0.512848
0.493685
0.499824
0.455344
0.44295
0.452375
0.485397
0.555131
0.505508
0.505072
0.488811
0.515586
0.538432
0.543859
0.568934
0.518915
0.506947
0.466017
0.493666
0.464642
0.457788
0.414784
0.419136
0.435276
0.444542
0.38533
0.373916
0.374399
0.374341
0.370534
0.381641
0.377216
0.382232
0.398878
0.388869
0.402137
0.417899
0.412436
0.390854
0.385485
0.396134
0.383285
0.389332
0.401116
0.395145
0.437783
0.449424
0.473063
0.460242
0.401926
0.39283
0.385962
0.395079
0.389674
0.398184
0.382453
0.389719
0.391212
0.406783
0.419075
0.402827
0.411333
0.414501
0.401667
0.376416
0.373763
0.383795
0.37889
0.400372
0.398368
0.401535
0.396976
0.396385
0.435344
0.417097
0.406817
0.422741
0.4303
0.412088
0.409805
0.40811
0.440973
0.433948
0.427894
0.430558
0.425017
0.41651
0.399514
0.384569
0.379732
0.369256
0.355558
0.38718
0.411816
0.398564
0.37841
0.367453
0.371513
0.397481
0.397146
0.440043
0.426054
0.424361
0.416609
0.383105
0.412133
0.3794
0.372911
0.358637
0.37635
0.363019
0.356091
0.358564
0.363567
0.364313
0.371565
0.361332
0.361198
0.375785
0.355087
0.35623
0.366728
0.362206
0.362697
0.384118
0.38792
0.398681
0.403664
0.393642
0.385878
0.361906
0.359476
0.361946
0.34418
0.359803
0.366851
0.352677
0.362793
0.351234
0.359241
0.360553
0.363786
0.364377
0.373885
0.369812
0.367611
0.364286
0.350509
0.359228
0.372051
0.38519
0.386622
0.399559
0.381664
0.39461
0.392551
0.393617
0.40625
0.414465
0.447102
0.463393
0.490309
0.504931
0.461252
0.414744
0.422573
0.422445
0.429791
0.38259
0.395867
0.391505
0.384035
0.381455
0.369824
0.38283
0.401855
0.393454
0.399662
0.407002
0.429612
0.396785
0.393539
0.383908
0.39916
0.388031
0.396846
0.428648
0.412052
0.436924
0.462327
0.453419
0.403219
0.444841
0.459195
0.476571
0.500833
0.497898
0.431858
0.40309
0.406592
0.400742
0.400674
0.399436
0.397442
0.397808
0.390862
0.407547
0.409662
0.41993
0.437536
0.447115
0.466645
0.453086
0.407094
0.429586
0.416881
0.428877
0.416178
0.400196
0.406269
0.38924
0.389363
0.387284
0.385037
0.414777
0.388981
0.379145
0.379459
0.390095
0.449862
0.374524
0.369535
0.386405
0.386106
0.396634
0.397229
0.403107
0.396798
0.383111
0.382554
0.383378
0.447538
0.404234
0.380925
0.381567
0.378579
0.383424
0.367794
0.379353
0.387866
0.387051
0.406681
0.441016
0.468372
0.486
0.449272
0.391469
0.40199
0.424481
0.426419
0.388687
0.442901
0.455339
0.455354
0.434859
0.457603
0.413258
0.397556
0.4238
0.383121
0.382085
0.396921
0.400845
0.411079
0.412356
0.392714
0.382404
0.38425
0.397036
0.385378
0.387526
0.382701
0.383291
0.395892
0.4046
0.381922
0.397675
0.389182
0.367749
0.374008
0.364673
0.367985
0.36266
0.369602
0.373086
0.373198
0.368704
0.377968
0.36903
0.356352
0.361918
0.367096
0.35616
0.356907
0.365202
0.363501
0.363039
0.36549
0.35301
0.360755
0.354598
0.363618
0.376162
0.36425
0.362916
0.376136
0.372197
0.369633
0.355562
0.354883
0.358908
0.359693
0.361582
0.36293
0.358523
0.360289
0.353322
0.357363
0.355041
0.355852
0.357173
0.358527
0.354176
0.364301
0.360119
0.360851
0.361442
0.368809
0.351553
0.364623
0.362217
0.365284
0.360188
0.369955
0.358772
0.354806
0.36441
0.356789
0.355338
0.3591
0.363959
0.358699
0.373972
0.387539
0.358944
0.361536
0.385133
0.382135
0.378867
0.362781
0.373066
0.361852
0.356579
0.362115
0.354252
0.363865
0.368322
0.389973
0.404074
0.409103
0.422649
0.424219
0.401578
0.387319
0.399572
0.414046
0.397649
0.403758
0.401538
0.399497
0.417132
0.425793
0.413754
0.388631
0.378316
0.381147
0.366598
0.364185
0.374393
0.379657
0.383222
0.362371
0.397212
0.388091
0.438842
0.441927
0.400902
0.401594
0.359429
0.366467
0.373729
0.395879
0.39247
0.41591
0.398473
0.400009
0.393064
0.397016
0.39274
0.380428
0.387644
0.395324
0.387252
0.390935
0.400622
0.376945
0.368543
0.362543
0.374792
0.372248
0.35732
0.351113
0.372036
0.385266
0.394049
0.455642
0.365713
0.362444
0.36783
0.367264
0.373959
0.376742
0.378351
0.382675
0.401108
0.406338
0.42965
0.4249
0.438956
0.462934
0.435906
0.418619
0.399771
0.414024
0.402406
0.37903
0.358694
0.359181
0.368351
0.365293
0.368043
0.37607
0.391047
0.39118
0.412639
0.399067
0.397937
0.382202
0.362569
0.365232
0.370358
0.363395
0.364119
0.360629
0.360039
0.356894
0.361427
0.357654
0.354645
0.352455
0.352599
0.349336
0.370081
0.384844
0.393419
0.387594
0.412346
0.45803
0.489656
0.401193
0.402436
0.385468
0.397998
0.387288
0.399647
0.381263
0.395462
0.373179
0.412636
0.407157
0.417226
0.425486
0.39222
0.40356
0.392675
0.420937
0.421591
0.419501
0.417446
0.410071
0.419512
0.416237
0.402623
0.406428
0.420607
0.390891
0.412766
0.3929
0.382825
0.382898
0.371111
0.392828
0.397885
0.383119
0.377764
0.404633
0.395016
0.403599
0.390508
0.393813
0.390977
0.386011
0.367933
0.384566
0.392487
0.368098
0.368529
0.370991
0.365889
0.389361
0.366805
0.359477
0.364261
0.365005
0.367528
0.376155
0.37273
0.388741
0.382977
0.384447
0.367997
0.367847
0.360865
0.376762
0.368448
0.383847
0.388842
0.391882
0.382967
0.394999
0.39481
0.421018
0.449314
0.411614
0.441414
0.444242
0.418618
0.449036
0.403898
0.400337
0.438968
0.413497
0.371299
0.406222
0.478459
0.470737
0.465683
0.562866
0.559317
0.502263
0.549536
0.477706
0.401128
0.388466
0.392582
0.39642
