0.51755
0.567692
0.579873
0.494339
0.459904
0.522494
0.478711
0.445515
0.499281
0.481211
0.505043
0.456291
0.446297
0.46618
0.493814
0.494095
0.499252
0.490924
0.470492
0.458616
0.495131
0.473328
0.464407
0.480231
0.482932
0.486974
0.448166
0.482857
0.475766
0.476208
0.473408
0.448734
0.434057
0.455548
0.480546
0.466316
0.447404
0.445671
0.472153
0.421858
0.467155
0.475529
0.425937
0.451827
0.463467
0.407428
0.380591
0.404404
0.414032
0.446681
0.47765
0.451753
0.404315
0.404489
0.409953
0.413238
0.381038
0.403365
0.403871
0.403974
0.405826
0.39284
0.378859
0.409799
0.381257
0.359482
0.37986
0.35145
0.350474
0.353017
0.37332
0.384077
0.386013
0.38291
0.357859
0.351974
0.367306
0.361983
0.373079
0.386592
0.387145
0.379967
0.393269
0.379466
0.396273
0.39144
0.400338
0.393583
0.416717
0.407441
0.372274
0.364038
0.354484
0.371505
0.385088
0.376095
0.35035
0.347169
0.351237
0.343289
0.354623
0.380956
0.40527
0.4678
0.425973
0.430191
0.432781
0.406314
0.398689
0.41925
0.419209
0.391035
0.405187
0.409195
0.419905
0.417985
0.421564
0.412722
0.432836
0.45202
0.426143
0.437604
0.463576
0.47487
0.506899
0.423137
0.388941
0.422097
0.444615
0.430609
0.398003
0.37368
0.416317
0.415574
0.406075
0.414388
0.387237
0.379315
0.393472
0.382754
0.392744
0.384688
0.426598
0.394395
0.406106
0.402992
0.414947
0.414924
0.425636
0.418441
0.401524
0.39081
0.36786
0.363387
0.345281
0.341309
0.335794
0.343108
0.355809
0.367581
0.347102
0.341464
0.349072
0.363979
0.357617
0.378306
0.438273
0.489996
0.452321
0.466271
0.470633
0.4578
0.415828
0.433834
0.41496
0.413449
0.418397
0.426683
0.412049
0.402242
0.369122
0.368147
0.376506
0.381227
0.386169
0.400623
0.394062
0.416288
0.434908
0.404999
0.459535
0.423085
0.503881
0.439398
0.446703
0.423066
0.416958
0.404091
0.439584
0.426538
0.421728
0.382119
0.364875
0.39183
0.39629
0.404437
0.399493
0.407908
0.441177
0.413788
0.416382
0.393653
0.439807
0.466939
0.445308
0.457327
0.379449
0.406082
0.411002
0.410496
0.44532
0.474602
0.452621
0.430595
0.37799
0.363823
0.399006
0.441375
0.384682
0.394686
0.407529
0.443954
0.393973
0.373534
0.44628
0.423623
0.449357
0.476434
0.426041
0.453144
0.4331
0.434032
0.397193
0.40245
0.384946
0.356477
0.385069
0.399361
0.422205
0.394064
0.368076
0.383194
0.44511
0.422805
0.414627
0.424335
0.44715
0.426395
0.39785
0.361882
0.357884
0.352285
0.370463
0.40158
0.401292
0.383329
0.355548
0.363288
0.380838
0.422905
0.411376
0.405621
0.378974
0.431459
0.418161
0.382188
0.39424
0.40698
0.432645
0.442232
0.427076
0.431816
0.45418
0.408267
0.364821
0.349769
0.352265
0.383923
0.384138
0.356715
0.351704
0.360786
0.413398
0.468622
0.413599
0.431175
0.409003
0.42637
0.463496
0.429794
0.43234
0.406703
0.439707
0.430577
0.394453
0.360557
0.404474
0.438387
0.406844
0.384507
0.433797
0.450118
0.428489
0.423602
0.441858
0.393257
0.36489
0.362951
0.381388
0.420972
0.436672
0.476477
0.44928
0.389545
0.360606
0.385876
0.365566
0.435333
0.44696
0.450914
0.440592
0.450469
0.41279
0.39691
0.425003
0.395243
0.413771
0.375893
0.378733
0.360237
0.348457
0.351376
0.35972
0.370021
0.372319
0.355489
0.358583
0.375096
0.395002
0.382714
0.386146
0.400083
0.38364
0.360077
0.349262
0.362791
0.369408
0.38743
0.40433
0.39153
0.372828
0.36114
0.360173
0.362946
0.36602
0.356499
0.372193
0.394606
0.390011
0.407174
0.40566
0.410221
0.404969
0.398082
0.400474
0.397204
0.389652
0.377568
0.366699
0.360944
0.370667
0.37375
0.347474
0.342711
0.362033
0.356713
0.356685
0.365
0.388384
0.391653
0.349449
0.338915
0.343555
0.377564
0.389502
0.395172
0.363872
0.396835
0.41143
0.418822
0.397578
0.403268
0.377893
0.415971
0.407775
0.396188
0.365898
0.369281
0.353899
0.354969
0.358956
0.369222
0.400974
0.440061
0.450375
0.475093
0.457192
0.382511
0.39304
0.400878
0.412545
0.384657
0.372265
0.401013
0.391568
0.39223
0.416542
0.465492
0.457881
0.455287
0.435921
0.463341
0.458602
0.456875
0.481075
0.497798
0.533454
0.496512
0.368566
0.367603
0.38239
0.392036
0.421302
0.387236
0.371887
0.390902
0.439341
0.477849
0.460329
0.427414
0.509869
0.476288
0.437487
0.413396
0.383102
0.376825
0.372473
0.378899
0.365418
0.371208
0.40146
0.378964
0.388469
0.381915
0.388377
0.372182
0.367002
0.392091
0.4197
0.420293
0.389291
0.361385
0.380366
0.422565
0.450176
0.416368
0.412752
0.40431
0.448141
0.422914
0.43049
0.436721
0.458144
0.453568
0.495045
0.517302
0.429441
0.496524
0.452813
0.429031
0.419862
0.401844
0.417284
0.436175
0.400681
0.38434
0.405667
0.396756
0.399897
0.401236
0.404582
0.403913
0.384473
0.399708
0.381901
0.399864
0.440066
0.42012
0.37706
0.404878
0.356198
0.360418
0.361749
0.350733
0.348124
0.360598
0.349332
0.340312
0.347496
0.343047
0.355708
0.364144
0.350348
0.365066
0.344747
0.351213
0.359132
0.377049
0.379131
0.38558
0.392828
0.358963
0.34612
0.353356
0.364017
0.37347
0.387799
0.386204
0.360129
0.374506
0.38888
0.398656
0.385861
0.3732
0.37065
0.37009
0.374685
0.40321
0.396291
0.388757
0.421085
0.444253
0.430853
0.450679
0.483874
0.476389
0.484797
0.420868
0.388164
0.38606
0.417415
0.440347
0.417299
0.405256
0.400192
0.425756
0.424324
0.422489
0.406662
0.39648
0.375971
0.348881
0.362053
0.356858
0.358049
0.39455
0.39022
0.391418
0.365169
0.380358
0.370731
0.394477
0.394085
0.388083
0.381055
0.400584
0.383876
0.361567
0.346881
0.349307
0.343423
0.346814
0.360249
0.365521
0.370887
0.409236
0.39484
0.397312
0.360648
0.357274
0.353077
0.368756
0.397999
0.377626
0.394497
0.375131
0.384707
0.399268
0.461466
0.430049
0.432151
0.424367
0.407107
0.383759
0.37591
0.369014
0.375915
0.403285
0.460959
0.471008
0.450236
0.433192
0.487661
0.533649
0.483554
0.511645
0.444788
0.484372
0.505151
0.521975
0.483648
0.441632
0.394196
0.370681
0.39584
0.391522
0.401576
0.406367
0.404437
0.375026
0.36376
0.37419
0.376304
0.380666
0.388264
0.418737
0.434138
0.391
0.355335
0.347352
0.348032
0.356811
0.346856
0.347841
0.345001
0.344766
0.362374
0.392383
0.421369
0.408197
0.43064
0.404296
0.391844
0.356826
0.360064
0.349616
0.362779
0.387213
0.406182
0.401567
0.410756
0.392321
0.419379
0.379084
0.349715
0.346689
0.354308
0.355615
0.347585
0.34201
0.344972
0.34796
0.370299
0.369624
0.355162
0.372165
0.377215
0.371854
0.373909
0.377749
0.399592
0.411989
0.398451
0.379876
0.364616
0.367653
0.397728
0.413948
0.383407
0.370919
0.37006
0.39836
0.398317
0.373386
0.352987
0.354976
0.345124
0.36303
0.374969
0.360555
0.355618
0.360596
0.396837
0.37788
0.365152
0.373331
0.373394
0.355024
0.367988
0.365368
0.375011
0.398067
0.388909
0.383528
0.360778
0.388118
0.365835
0.351952
0.34317
0.342998
0.365024
0.387171
0.363825
0.380407
0.376816
0.383239
0.359681
0.354206
0.351415
0.380717
0.395045
0.361089
0.344153
0.356822
0.343485
0.346474
0.344974
0.340981
0.353413
0.364683
0.413987
0.406299
0.380253
0.36552
0.382148
0.373439
0.394535
0.381692
0.396891
0.376488
0.370721
0.378255
0.414074
0.40662
0.399799
0.37748
0.364935
0.357484
0.367013
0.393668
0.359496
0.343233
0.346704
0.36979
0.369677
0.388357
0.350468
0.355464
0.392438
0.395418
0.356537
0.35321
0.379434
0.376948
0.360972
0.364679
0.372451
0.356139
0.353797
0.358163
0.376375
0.386828
0.429005
0.433187
0.416666
0.416246
0.391725
0.401675
0.416716
0.521348
0.525973
0.452503
0.435177
0.398924
0.423458
0.431899
0.403345
0.388493
0.414464
0.431337
0.368012
0.362607
0.416629
0.406397
0.404402
0.424813
0.359971
0.348914
0.350221
0.356759
0.353767
0.354359
0.351248
0.346831
0.350333
0.345442
0.348126
0.348435
0.371464
0.436183
0.399473
0.396894
0.397445
0.39695
0.390666
0.413012
0.374056
0.383337
0.37379
0.394197
0.389338
0.361708
0.365051
0.350954
0.37219
0.385848
0.405281
0.409496
0.408878
0.380724
0.37827
0.376405
0.394273
0.401374
0.368137
0.37229
0.38063
0.39274
0.387073
0.404288
0.400668
0.389644
0.398361
0.406372
0.406901
0.401693
0.398101
0.412239
0.393101
0.406194
0.414421
0.389651
0.390519
0.368243
0.352803
0.342693
0.35412
0.365407
0.370072
0.359096
0.37201
0.364337
0.356796
0.372455
0.372196
0.38519
0.386328
0.367551
0.373793
0.352792
0.35061
0.362923
0.36599
0.351266
0.34273
0.346115
0.375695
0.370039
0.380479
0.369702
0.378188
0.403806
0.388318
0.382478
0.381865
0.389916
0.355545
0.386661
0.365399
0.3508
0.373954
0.385906
0.383893
0.380621
0.392251
0.394317
0.374746
0.362568
0.366405
0.400288
0.441459
0.4662
0.452729
0.442536
0.40603
0.424619
0.451289
0.461533
0.419648
0.460025
0.412683
0.382808
0.371341
0.4054
0.390421
0.379699
0.448707
0.468311
0.443529
0.385201
0.401294
0.441856
0.389523
0.399565
0.425249
0.399744
0.433329
0.392183
0.357822
0.372295
0.365495
0.358139
0.36755
0.383196
0.434886
0.427944
0.451299
0.424267
0.466586
0.456863
0.436371
0.442504
0.48049
0.481291
0.477261
0.493475
0.45937
0.431963
0.428518
0.441877
0.439772
0.427492
0.420244
0.444672
0.408818
0.372141
0.406102
0.418009
0.39556
0.422835
0.42979
0.432566
0.418989
0.418648
0.387215
0.398062
0.39436
0.410859
0.370351
0.385921
0.40498
0.413631
0.406207
0.405931
0.416737
0.457516
0.490554
0.425999
0.514128
0.457082
0.453947
0.461148
0.437253
0.425786
0.440669
0.464224
0.456867
0.484367
0.468317
0.391337
0.394279
0.387622
0.355494
0.36095
0.372037
0.392182
0.419228
0.377473
0.357427
0.363183
0.383961
0.366781
0.361913
0.373405
0.342704
0.348114
0.341649
0.349018
0.358818
0.372534
0.37865
0.36299
0.407979
0.366461
0.379935
0.364582
0.364316
0.367483
0.378243
0.358859
0.373815
0.379121
0.377907
0.391508
0.386817
0.394811
0.386611
0.424841
0.390019
0.358921
0.351968
0.345007
0.348465
0.358846
0.368186
0.360949
0.394268
0.365076
0.353283
0.342244
0.348374
0.377394
0.404681
0.411993
0.419436
0.415927
0.404039
0.408645
0.394959
0.369418
0.374575
0.359736
0.373294
0.383419
0.38891
0.371864
0.351951
0.370018
0.368504
0.357235
0.375306
0.383035
0.366077
0.357238
0.362629
0.384414
0.388907
0.377871
0.377466
0.404014
0.383336
0.394135
0.401648
0.408617
0.394424
0.353126
0.355068
0.38348
0.400127
0.383252
0.371116
0.368735
0.401655
0.412947
0.439698
0.428662
0.390809
0.367138
0.397918
0.401197
0.400782
0.436323
0.448398
0.430029
0.417539
0.418586
0.388282
0.419931
0.381049
0.413957
0.457863
0.474131
0.448377
0.458166
0.552708
0.560137
0.513762
0.430312
0.483769
0.486482
0.445296
0.383192
0.351519
0.355512
0.366184
0.3618
0.35751
0.357136
0.353178
0.374031
0.37117
0.364249
0.361937
0.377803
0.396758
0.404119
0.40617
0.406215
0.417146
0.4187
0.40044
0.413255
0.413312
0.441762
0.402727
0.396282
0.397882
0.398976
0.422527
0.402019
0.388741
0.404322
0.390948
0.400684
0.397654
0.45199
0.475821
0.421249
0.403742
0.437663
0.372307
0.393225
0.436644
0.383342
0.365156
0.372123
0.432773
0.439172
0.398092
0.430454
0.411937
0.42182
0.44412
0.443824
0.432374
0.406497
0.441176
0.438072
0.465636
0.505936
0.485732
0.474425
0.403177
0.378194
0.35384
0.364687
0.356524
0.35485
0.350018
0.344448
0.346282
0.366797
0.374514
0.35578
0.366793
0.384152
0.385464
0.374113
0.366786
0.374456
0.386214
0.392717
0.472312
0.455456
0.514677
0.496362
0.44517
0.381438
0.408117
0.427694
0.389333
0.397688
0.358955
0.363453
0.368823
0.387122
0.362358
0.357539
0.353053
0.38329
0.380817
0.349954
0.346559
0.360052
0.370723
0.367392
0.370916
0.359893
0.348703
0.37821
0.448249
0.44678
0.431775
0.424432
0.452778
0.388123
0.409541
0.411429
0.373519
0.390248
0.425617
0.4392
0.435037
0.409088
0.428765
0.396306
0.367988
0.358186
0.365909
0.413149
0.468817
0.440528
0.499346
0.431243
0.416676
0.438707
0.486165
0.434626
0.509808
0.470615
0.462226
0.479485
0.396255
0.384618
0.377141
0.40116
0.454433
0.4378
0.417838
0.450987
0.460555
0.427254
0.366747
0.355119
0.368883
0.371172
0.397053
0.407832
0.425568
0.431622
0.485653
0.467068
0.382128
0.408231
0.4258
0.434482
0.425609
0.42495
0.413183
0.38078
0.382293
0.407049
0.37274
0.386707
0.403254
0.460954
0.394324
0.389807
0.44891
0.443263
0.418956
0.414978
0.421968
0.366658
0.355919
0.389429
0.396373
0.414065
0.395163
0.409162
0.393721
0.387064
0.371348
0.389064
0.401582
0.371577
0.382246
0.369748
0.394936
0.406019
0.390024
0.369109
0.406627
0.384157
0.382513
0.40176
0.394166
0.36372
0.349392
0.352157
0.350709
0.372511
0.408972
0.388009
0.346436
0.352437
0.356234
0.39574
0.37249
0.355795
0.354618
0.376411
0.370194
0.377801
0.376234
0.407473
0.408814
0.404937
0.41015
0.410334
0.371743
0.42113
0.416247
0.428207
0.365251
0.384053
0.365615
0.370323
0.376678
0.367904
0.358855
0.341992
0.348458
0.339863
0.344815
0.357942
0.382378
0.387093
0.396939
0.392496
0.387999
0.378212
0.409792
0.426111
0.418271
0.413737
0.39915
0.432802
0.383313
0.417977
0.39566
0.410884
0.447317
0.424337
0.419765
0.385862
0.37378
0.42973
0.456314
0.447575
0.534079
0.545998
0.565831
0.533404
0.423478
0.396591
0.395502
0.384624
0.399231
0.395057
0.4121
0.379365
0.358879
0.348003
0.354245
0.350094
0.374633
0.387302
0.390528
0.408449
0.380339
0.402479
0.396885
0.372357
0.381916
0.360824
0.369448
0.35111
0.370974
0.395788
0.361111
0.352141
0.346749
0.358167
0.410204
0.439973
0.453027
0.445544
0.441081
0.452795
0.40206
0.395043
0.395591
0.389087
0.396651
0.408211
0.399814
0.397041
0.392403
0.391921
0.414936
0.400543
0.380342
0.400954
0.353337
0.373722
0.392671
0.412937
0.394118
0.393901
0.387664
0.36799
0.404525
0.390605
0.409404
0.409061
0.402691
0.414712
0.444565
0.44596
0.419036
0.431544
0.432731
0.478528
0.427133
0.433368
0.429623
0.440552
0.451647
0.395498
0.390424
0.370254
0.348274
0.36312
0.400985
0.389597
0.422002
0.412116
0.423342
0.402071
0.394945
0.415881
0.450772
0.463317
0.386837
0.41625
0.3948
0.374859
0.412146
0.422626
0.470084
0.414884
0.453952
0.449923
0.436839
0.477734
0.515943
0.524901
0.494616
0.502005
0.466922
0.538458
0.547539
0.535575
0.588729
0.528709
0.455657
0.450495
0.416442
0.431008
0.386947
0.45413
0.421633
0.426734
0.374536
0.367673
0.419124
0.443794
0.443914
0.435512
0.427996
0.394224
0.401956
0.401251
0.366663
0.379374
0.410498
0.397116
0.401994
0.411659
0.384634
0.40307
0.392778
0.415436
0.434483
0.422828
0.402359
0.394944
0.406923
0.423027
0.399647
0.385921
0.407856
0.462458
0.42885
0.414868
0.434788
0.434027
0.436804
0.441031
0.403423
0.375862
0.365971
0.365269
0.3492
0.34351
0.348062
0.355115
0.383123
0.389903
0.382475
0.378387
0.401434
0.393253
0.355923
0.355295
0.359404
0.394638
0.4438
0.475873
0.494685
0.473359
0.407326
0.411863
0.435983
0.400729
0.445573
0.468087
0.477366
0.434191
0.364058
0.373999
0.383753
0.406293
0.42241
0.443088
0.392312
0.380427
0.383873
0.391015
0.407442
0.422759
0.403152
0.408898
0.416489
0.472655
0.421215
0.416811
0.463621
0.456614
0.459002
0.45938
0.416115
0.375519
0.389108
0.371089
0.379242
0.420631
0.407897
0.40404
0.43905
0.424282
0.366751
0.421006
0.433737
0.410764
0.461076
0.41632
0.431938
0.447115
0.461838
0.484827
0.425729
0.437466
0.441543
0.439405
0.466641
0.472599
0.523654
0.543653
0.555432
0.556343
0.525248
0.435922
0.384693
0.412179
0.403629
0.432111
0.43348
0.4099
0.430337
0.435291
0.40888
0.400323
0.407598
0.396134
0.448666
0.423144
0.435173
0.390712
0.365431
0.361753
0.353894
0.351304
0.361508
0.390492
0.372565
0.364192
0.383715
0.379036
0.409968
0.427565
0.417253
0.426046
0.388931
0.350325
0.356972
0.368719
0.365348
0.370934
0.396016
0.454458
0.48222
0.453995
0.46087
0.394391
0.369278
0.372162
0.364963
0.449949
0.386382
0.403341
0.44925
0.496109
0.454729
0.512073
0.527647
0.504941
0.502973
0.482321
0.516434
0.509663
0.470479
0.462028
0.438738
0.443855
0.458285
0.447081
0.418699
0.438236
0.384289
0.359939
0.366139
0.396303
0.367874
0.37587
0.407057
0.381476
0.368378
0.36697
0.352952
0.369046
0.395922
0.408007
0.405219
0.386944
0.365666
0.352969
0.350141
0.363731
0.379748
0.392632
0.373462
0.36229
0.357743
0.367677
0.39183
0.393425
0.38422
0.395358
0.416302
0.424971
0.451706
0.405682
0.429453
0.455505
0.476951
0.476787
0.47765
0.444038
0.399675
0.445463
0.383233
0.446341
0.462006
0.403118
0.408084
0.415789
0.441597
0.429588
0.415972
0.443879
0.463287
0.448751
0.434092
0.485929
0.453333
0.425224
0.463825
0.455898
0.435804
0.407433
0.376915
0.402446
0.425679
0.410055
0.390001
0.377259
0.359233
0.355113
0.382863
0.374189
0.366095
0.373967
0.366563
0.37198
0.392404
0.390651
0.395214
0.369138
0.388471
0.420441
0.419791
0.388093
0.392302
0.369046
0.368177
0.361355
0.397745
0.369285
0.371876
0.384638
0.387639
0.433038
0.443051
0.470947
0.428746
0.47077
0.488217
0.470125
0.390003
0.467651
0.471078
0.406178
0.36636
0.348879
0.359748
0.386992
0.381802
0.411253
0.387874
0.388485
0.395346
0.405088
0.389011
0.378498
0.378609
0.355341
0.350613
0.353897
0.393468
0.379175
0.356283
0.364855
0.364487
0.350291
0.36693
0.361182
0.346619
0.346746
0.344433
0.354538
0.368362
0.381573
0.352336
0.374138
0.401721
0.414402
0.41564
0.414901
0.381763
0.399788
0.382309
0.393929
0.395112
0.39409
0.40168
0.425497
0.412193
0.41671
0.432527
0.459313
0.473677
0.45812
0.454075
0.461562
0.469047
0.434771
0.41989
0.466789
0.437041
0.431753
0.467484
0.473096
0.469857
0.477795
0.509852
0.445464
0.405138
0.415166
0.451481
0.435028
0.476401
0.511007
0.516596
0.41351
0.42698
0.419701
0.39607
0.409378
0.431593
0.417607
0.420568
0.430639
0.405578
0.42431
0.430997
0.393252
0.399796
0.384082
0.36727
0.394023
0.382986
0.357342
0.38353
0.412049
0.398578
0.393464
0.391438
0.419509
0.418038
0.393248
0.391907
0.391232
0.406756
0.407033
0.411558
0.409482
0.355568
0.349971
0.341255
0.345492
0.347361
0.376436
0.372712
0.355642
0.341379
0.345406
0.340772
0.343699
0.349941
0.348939
0.338768
0.342114
0.343643
0.350031
0.37963
0.383077
0.375447
0.375363
0.379667
0.372272
0.375914
0.384092
0.35117
0.341646
0.345805
0.346312
0.349425
0.344667
0.341108
0.344949
0.345839
0.360294
0.36346
0.35923
0.367422
0.406806
0.397514
0.389755
0.423432
0.435196
0.424057
0.394728
0.374708
0.383323
0.357733
0.359569
0.397298
0.379128
0.377386
0.407479
0.455231
0.470337
0.490184
0.508087
0.401372
0.417979
0.408588
0.441566
0.462166
0.412701
0.372787
0.347956
0.348349
0.358261
0.374334
0.395374
0.387263
0.383198
0.420976
0.402325
0.392835
0.374283
0.38224
0.373925
0.344967
0.348795
0.341594
0.353212
0.38095
0.354992
0.351019
0.353835
0.392344
0.409816
0.403528
0.395928
0.391043
0.416878
0.406776
0.397188
0.395544
0.397515
0.382392
0.404869
0.385985
0.390371
0.423773
0.426775
0.395359
0.40727
0.43116
0.445739
0.411034
0.409587
0.442265
0.447664
0.457993
0.435963
0.475244
0.436726
0.388053
0.377575
0.391515
0.368098
0.351789
0.359481
0.371813
0.360115
0.384494
0.400243
0.431285
0.443788
0.434809
0.481626
0.433577
0.457382
0.458735
0.430085
0.416619
0.447211
0.487055
0.483945
0.475356
0.483979
0.519349
0.57142
0.432016
0.419733
0.420891
0.429484
0.392116
0.428213
0.412748
0.414414
0.442361
0.432146
0.429263
0.440675
0.413371
0.411475
0.400478
0.364465
0.375371
0.379369
0.401057
0.445789
0.461096
0.452085
0.434045
0.411307
0.42965
0.366009
0.391205
0.387473
0.380828
0.412311
0.414813
0.400076
0.366122
0.391827
0.383099
0.401912
0.410284
0.415443
0.409234
0.406309
0.420969
0.430489
0.449575
0.451126
0.469123
0.410137
0.447188
0.468822
0.426665
0.419149
0.420878
0.489634
0.487326
0.42565
0.436414
0.483114
0.436919
0.438769
0.411775
0.450555
0.420942
0.436611
0.432962
0.388823
0.412835
0.458386
0.478794
0.440778
0.429424
0.441157
0.388535
0.384412
0.397366
0.379803
0.423655
0.426142
0.439155
0.454485
0.576694
0.578736
0.544117
0.475872
0.512458
0.435462
0.412107
0.412197
0.45802
0.425757
0.488688
0.467482
0.427523
0.429669
0.465738
0.463879
0.435245
0.445272
0.44732
0.427243
0.441996
0.438485
0.450159
0.440493
0.413674
0.440953
0.483462
0.492229
0.499658
0.490298
0.411391
0.425125
0.408001
0.422656
0.4417
0.476555
0.431137
0.39488
0.40076
0.427219
0.43992
0.448931
0.498168
0.429089
0.372358
0.362065
0.365389
0.365281
0.364295
0.386708
0.449682
0.491443
0.485823
0.436841
0.477315
0.428808
0.415495
0.410951
0.459599
0.401484
0.37962
0.423594
0.433615
0.413719
0.451945
0.439716
0.421292
0.484194
0.538415
0.486735
0.508184
0.572122
0.526532
0.513199
0.502836
0.457411
0.497108
0.475109
0.462062
0.504081
0.471302
0.461674
0.427863
0.416366
0.40837
0.407622
0.416882
0.435977
0.511943
0.475056
0.477464
0.437502
0.444586
0.472642
0.429922
0.428465
0.453638
0.433974
0.439166
0.448958
0.454733
0.441363
0.48588
0.481369
0.443557
0.490438
0.4755
0.494065
0.494052
0.448872
0.440726
0.460727
0.469712
0.508033
0.417715
0.370939
0.358021
0.373915
0.407133
0.42967
0.469097
0.427149
0.420547
0.41404
0.412507
0.427187
0.455128
0.428911
0.440135
0.433273
0.4105
0.384245
0.371888
0.408007
0.47555
0.50231
0.510574
0.51311
0.502375
0.50144
0.54325
0.510116
0.58116
0.532529
0.418015
0.365742
0.400077
0.404179
0.380999
0.399689
0.41894
0.409934
0.416297
0.433404
0.411272
0.44152
0.438439
0.399623
0.40856
0.440006
0.41037
0.386925
0.401031
0.373084
0.355512
0.345388
0.361094
0.401096
0.367719
0.358761
0.392999
0.41606
0.43719
0.386541
0.366991
0.360892
0.364141
0.375975
0.360072
0.379933
0.420637
0.443641
0.430269
0.478684
0.422122
0.428347
0.395342
0.371825
0.376084
0.381437
0.386219
0.399913
0.433749
0.43006
0.390923
0.373212
0.404388
0.408797
0.377881
0.346566
0.34546
0.350831
0.353421
0.356726
0.388425
0.354212
0.36667
0.380101
0.413579
0.420448
0.448802
0.412945
0.455442
0.498898
0.562434
0.57986
0.536978
0.555635
0.527201
0.511148
0.493085
0.50352
0.460382
0.524434
0.469714
0.502123
0.511693
0.477279
0.488009
0.520657
0.545495
0.490223
0.405172
0.407752
0.418018
0.403099
0.440233
0.475641
0.443441
0.429372
0.485801
0.459307
0.489964
0.471
0.426678
0.514988
0.46964
0.499163
0.502151
0.449388
0.437868
0.516312
0.495285
0.509555
0.502168
0.527426
0.514457
0.456979
0.446693
0.480013
0.498258
0.484401
0.440622
0.47982
0.461089
0.448438
0.461056
0.462541
0.434154
0.419945
0.378707
0.373751
0.392046
0.394464
0.391314
0.387842
0.394692
0.377451
0.385103
0.405045
0.42717
0.429489
0.434121
0.418412
0.413303
0.420208
0.446635
0.457405
0.441413
0.486679
0.466059
0.450422
0.47245
0.476801
0.456326
0.437074
0.409646
0.437756
0.42081
0.452671
0.460398
0.450954
0.460649
0.468686
0.468295
0.484512
0.470244
0.439076
0.416771
0.41141
0.378028
0.440121
0.490445
0.46471
0.448592
0.434642
0.513279
0.567233
0.562954
0.393468
0.391557
0.372937
0.363202
0.369799
0.376486
0.352553
0.348649
0.349001
0.350534
0.344997
0.355429
0.370332
0.389893
0.365807
0.373624
0.391466
0.369235
0.436515
0.436894
0.431963
0.43642
0.420378
0.448319
0.418746
0.431008
0.425563
0.426643
0.493628
0.509935
0.522701
0.525286
0.490433
0.423043
0.467267
0.500608
0.525288
0.498499
0.45774
0.505456
0.481273
0.458838
0.455516
0.460417
0.427896
0.472733
0.483704
0.454375
0.444006
0.419365
0.460859
0.46652
0.529591
0.503771
0.497403
0.440352
0.497954
0.521082
0.492731
0.499924
0.510915
0.495969
0.481133
0.505132
0.541402
0.48272
0.432919
0.3934
0.375382
0.395037
0.401131
0.390944
0.446202
0.403428
0.390273
0.404207
0.402966
0.38285
0.39706
0.420036
0.414888
0.433425
0.406153
0.373726
0.387955
0.404058
0.415904
0.373291
0.365376
0.363651
0.362522
0.373131
0.39517
0.359524
0.359992
0.358844
0.368553
0.359661
0.390046
0.395728
0.453899
0.449566
0.408576
0.380658
0.394981
0.406042
0.395604
0.438985
0.441364
0.469097
0.401742
0.397083
0.426206
0.440019
0.417945
0.392414
0.391942
0.38831
0.398293
0.399106
0.386386
0.379748
0.4278
0.430504
0.422107
0.449745
0.400833
0.399375
0.391733
0.385795
0.394594
0.378843
0.366651
0.373031
0.362379
0.361277
0.359897
0.364968
0.369279
0.358036
0.359997
0.355357
0.360102
0.359968
0.363648
0.360912
0.358364
0.371547
0.374822
0.36497
0.361281
0.405097
0.40299
0.405102
0.413448
0.37955
0.374902
0.396376
0.401196
0.38207
0.40175
0.389694
0.393205
0.370306
0.362801
0.400515
0.367841
0.387382
0.425027
0.428374
0.385261
0.366533
0.396786
0.380816
0.365291
0.358748
0.354805
0.37766
0.437168
0.396408
0.388514
0.412229
0.400589
0.417282
0.412091
0.406618
0.381995
0.389588
0.396751
0.384412
0.375457
0.369613
0.367839
0.382544
0.368237
0.382631
0.39494
0.440286
0.417682
0.40545
0.493476
0.52242
0.395136
0.481706
