0.463571
0.602133
0.540096
0.592402
0.571803
0.584071
0.525128
0.473043
0.461224
0.463817
0.525422
0.543925
0.461345
0.499265
0.442781
0.442739
0.470169
0.510291
0.471879
0.470866
0.494871
0.510356
0.516763
0.447108
0.456456
0.464034
0.430703
0.435698
0.495818
0.475066
0.517582
0.476609
0.499288
0.515591
0.489151
0.490825
0.485539
0.485898
0.457996
0.485459
0.425482
0.488011
0.507869
0.495598
0.449155
0.482862
0.47534
0.446571
0.485754
0.481696
0.489359
0.476762
0.498331
0.47834
0.445448
0.469268
0.459908
0.479455
0.476776
0.490937
0.454777
0.486843
0.474905
0.470169
0.465021
0.452561
0.439488
0.452028
0.413275
0.434139
0.48819
0.492308
0.467494
0.481553
0.45214
0.449768
0.439646
0.469216
0.422795
0.464803
0.47377
0.444177
0.407644
0.454492
0.487339
0.466618
0.466299
0.447237
0.438411
0.426316
0.480885
0.426442
0.459425
0.461002
0.411501
0.392863
0.372005
0.396667
0.39825
0.408209
0.397462
0.423049
0.427861
0.463314
0.479351
0.470307
0.490949
0.435962
0.407054
0.394399
0.406326
0.413882
0.401359
0.41629
0.415028
0.412215
0.396009
0.378433
0.394855
0.397515
0.40208
0.431034
0.383907
0.393246
0.413466
0.407231
0.407736
0.406864
0.369002
0.38558
0.373511
0.415795
0.40554
0.389079
0.375968
0.361965
0.355719
0.382723
0.378355
0.360164
0.346207
0.349631
0.354518
0.348033
0.350915
0.372716
0.370064
0.379697
0.388543
0.379676
0.382238
0.393119
0.387843
0.367293
0.354331
0.355284
0.356084
0.346961
0.364066
0.373216
0.367782
0.35818
0.368153
0.380147
0.376
0.403136
0.395019
0.3755
0.3798
0.382606
0.407272
0.380104
0.374204
0.383636
0.391346
0.398687
0.382871
0.398387
0.399661
0.408739
0.391608
0.395257
0.404648
0.423316
0.411075
0.411757
0.384398
0.366061
0.375354
0.367078
0.348824
0.352355
0.365448
0.369291
0.380576
0.383491
0.383335
0.383235
0.367046
0.347177
0.352036
0.341393
0.352584
0.352336
0.348744
0.342533
0.345235
0.349492
0.358293
0.371367
0.382744
0.398947
0.402748
0.456412
0.464752
0.476788
0.411308
0.40563
0.442809
0.425618
0.441779
0.399411
0.40274
0.422065
0.384055
0.421451
0.408761
0.4339
0.433717
0.408355
0.389231
0.37433
0.395535
0.421721
0.411945
0.40293
0.417071
0.411822
0.415888
0.433483
0.421486
0.406817
0.424976
0.419719
0.404529
0.422682
0.429958
0.447142
0.452317
0.454774
0.43467
0.412944
0.408593
0.478244
0.44997
0.470076
0.52229
0.433426
0.491254
0.510836
0.458749
0.40602
0.42637
0.367341
0.390835
0.41935
0.457597
0.421671
0.47671
0.413821
0.429311
0.40129
0.378422
0.373771
0.376514
0.411815
0.426554
0.420412
0.403989
0.401769
0.417642
0.41289
0.41444
0.399306
0.374854
0.376656
0.379583
0.379299
0.407314
0.385694
0.382821
0.384248
0.396959
0.398625
0.372027
0.41363
0.437546
0.386297
0.392433
0.415828
0.399726
0.396777
0.403004
0.419636
0.407213
0.412484
0.387115
0.456565
0.426469
0.423161
0.414295
0.420416
0.403669
0.399682
0.397323
0.387371
0.370374
0.364177
0.368948
0.357031
0.35706
0.341547
0.342535
0.33932
0.340147
0.333354
0.339799
0.342886
0.345462
0.353803
0.376546
0.367507
0.356719
0.34628
0.339897
0.338414
0.349529
0.342819
0.355115
0.353489
0.380698
0.35587
0.35511
0.364141
0.405809
0.40876
0.479826
0.493585
0.486809
0.432079
0.470328
0.465437
0.467277
0.466461
0.477497
0.470414
0.435306
0.464393
0.394915
0.413603
0.448434
0.401746
0.412386
0.428083
0.405078
0.416153
0.420792
0.420513
0.433696
0.42904
0.403275
0.413053
0.412013
0.38477
0.366567
0.366927
0.361599
0.382761
0.377827
0.370544
0.391397
0.371008
0.380507
0.393991
0.396328
0.405072
0.382121
0.406217
0.408196
0.419049
0.452538
0.423809
0.430767
0.375418
0.443065
0.454001
0.472668
0.397758
0.455494
0.524619
0.466777
0.444424
0.428131
0.456427
0.433969
0.428617
0.418574
0.418024
0.420745
0.400517
0.400584
0.427754
0.457375
0.424933
0.421511
0.426771
0.425041
0.379866
0.38791
0.370722
0.36055
0.377565
0.401814
0.395615
0.394767
0.391692
0.415268
0.402103
0.402889
0.379922
0.425556
0.418356
0.434191
0.442807
0.404219
0.427933
0.428436
0.399846
0.374336
0.410054
0.432044
0.449068
0.447278
0.488822
0.416076
0.469924
0.477974
0.448284
0.381858
0.383137
0.396056
0.41252
0.389954
0.426458
0.400002
0.414799
0.456585
0.421438
0.447704
0.472019
0.492893
0.474874
0.432867
0.437306
0.397609
0.385488
0.354172
0.352319
0.385123
0.40456
0.407734
0.459547
0.416758
0.381428
0.382443
0.403875
0.385228
0.392987
0.420481
0.437229
0.455443
0.40871
0.383283
0.365816
0.3753
0.427246
0.45806
0.427192
0.412318
0.486859
0.416896
0.437963
0.492755
0.489605
0.422288
0.42431
0.438752
0.447539
0.425096
0.437589
0.428851
0.437816
0.389967
0.403286
0.403942
0.402187
0.398737
0.375292
0.359319
0.354891
0.365795
0.394228
0.397491
0.395823
0.414243
0.420948
0.415241
0.394781
0.390633
0.367698
0.348925
0.369742
0.436758
0.417661
0.490041
0.404908
0.410254
0.382005
0.451301
0.407816
0.441388
0.424873
0.471853
0.453878
0.399392
0.40374
0.396278
0.367179
0.355789
0.363948
0.355017
0.349403
0.352487
0.365742
0.364658
0.395044
0.397587
0.414447
0.397468
0.397255
0.387876
0.36055
0.355856
0.355183
0.362945
0.373626
0.376783
0.388408
0.426746
0.421078
0.400951
0.422452
0.433989
0.379862
0.37129
0.38732
0.414134
0.440654
0.436643
0.409016
0.395211
0.375296
0.381033
0.405389
0.38786
0.412999
0.418628
0.438987
0.43368
0.455114
0.450625
0.44912
0.366117
0.471173
0.411856
0.451806
0.457046
0.41655
0.396728
0.364874
0.362395
0.348702
0.351683
0.346505
0.354574
0.391024
0.374473
0.398843
0.377062
0.354458
0.358258
0.352064
0.350269
0.355529
0.359623
0.391647
0.40943
0.462887
0.473351
0.431753
0.411102
0.443054
0.407704
0.437006
0.404585
0.404033
0.415899
0.423477
0.447401
0.447187
0.471576
0.455653
0.428883
0.406158
0.441295
0.410765
0.41471
0.420732
0.438655
0.444524
0.432308
0.418308
0.396698
0.375011
0.360162
0.361089
0.411811
0.42298
0.436223
0.434114
0.415718
0.386583
0.384132
0.391408
0.402989
0.478039
0.441434
0.450489
0.4192
0.436913
0.434452
0.413511
0.437177
0.442658
0.417285
0.385618
0.372229
0.362183
0.359608
0.364137
0.364572
0.381501
0.411134
0.411996
0.451305
0.448658
0.391913
0.504124
0.503399
0.432274
0.441585
0.385041
0.359013
0.358833
0.374829
0.390898
0.371048
0.369784
0.371767
0.414027
0.470743
0.452878
0.453447
0.479711
0.408795
0.429375
0.454282
0.460902
0.440341
0.432104
0.392904
0.412878
0.388621
0.408714
0.430484
0.418104
0.39063
0.399278
0.426072
0.388849
0.374542
0.37589
0.37302
0.379053
0.357136
0.361445
0.346538
0.346262
0.353092
0.348704
0.358461
0.365117
0.36079
0.380415
0.378773
0.364232
0.356838
0.354707
0.351081
0.367595
0.384368
0.36558
0.385757
0.405925
0.390827
0.375944
0.381754
0.386505
0.393398
0.40657
0.395748
0.380032
0.370417
0.35365
0.355248
0.344974
0.342483
0.362971
0.379583
0.367997
0.382262
0.392657
0.405297
0.413728
0.370939
0.399764
0.383145
0.377864
0.358611
0.370005
0.353094
0.356086
0.363371
0.363166
0.366174
0.361829
0.370562
0.350483
0.359382
0.36432
0.384657
0.399518
0.389907
0.393326
0.387659
0.402367
0.414236
0.398805
0.400537
0.428375
0.405191
0.406642
0.406816
0.400346
0.394909
0.389025
0.413678
0.391712
0.392521
0.393882
0.390381
0.388154
0.37702
0.372973
0.368325
0.363742
0.358818
0.370109
0.368113
0.368754
0.37777
0.367886
0.350497
0.338214
0.341959
0.345349
0.35405
0.370624
0.364227
0.351745
0.362262
0.349846
0.354224
0.377148
0.381534
0.395405
0.389546
0.394738
0.354606
0.349894
0.333654
0.343043
0.341725
0.341657
0.362843
0.381537
0.38905
0.38317
0.412425
0.387745
0.370854
0.357062
0.38808
0.392401
0.398963
0.413981
0.406054
0.42252
0.424272
0.392738
0.402833
0.406548
0.39768
0.366638
0.389372
0.434261
0.399932
0.400558
0.408353
0.424646
0.3836
0.365262
0.362239
0.374759
0.369367
0.357908
0.355982
0.34528
0.352284
0.364594
0.361799
0.354759
0.372018
0.388208
0.391464
0.421085
0.454541
0.417725
0.437802
0.491159
0.456632
0.490279
0.492914
0.4045
0.382708
0.385402
0.388766
0.395331
0.410682
0.39229
0.406592
0.41728
0.398477
0.374324
0.373861
0.371714
0.392641
0.408826
0.408015
0.379196
0.375462
0.396853
0.409351
0.412431
0.451661
0.44995
0.477192
0.470971
0.454927
0.466806
0.424841
0.437657
0.453973
0.452098
0.468363
0.454349
0.456581
0.456733
0.461751
0.497762
0.47838
0.501293
0.480419
0.527939
0.546654
0.487854
0.50347
0.373967
0.36444
0.362439
0.368887
0.372325
0.389777
0.390096
0.396164
0.403133
0.433555
0.406112
0.382236
0.371062
0.373014
0.380124
0.392811
0.425908
0.44265
0.441408
0.478595
0.490582
0.469449
0.439345
0.42253
0.431791
0.523995
0.50987
0.450098
0.49145
0.445542
0.415731
0.421541
0.412236
0.392245
0.372581
0.380657
0.370729
0.365431
0.378522
0.39325
0.367423
0.36447
0.365656
0.361353
0.376269
0.383303
0.417512
0.390992
0.37492
0.389659
0.384832
0.379968
0.385425
0.391681
0.3926
0.367434
0.375555
0.36612
0.366488
0.377038
0.389162
0.392392
0.427368
0.427602
0.44025
0.387433
0.401471
0.379075
0.364551
0.358827
0.369083
0.396469
0.415875
0.429811
0.448924
0.451177
0.432521
0.405868
0.404128
0.418131
0.416685
0.385917
0.437478
0.456537
0.431484
0.414729
0.418852
0.433415
0.446068
0.443355
0.429891
0.480673
0.453939
0.443345
0.47073
0.495573
0.487467
0.491693
0.550734
0.419382
0.432369
0.485726
0.516924
0.448118
0.453354
0.439758
0.423673
0.416891
0.425184
0.395551
0.402277
0.437872
0.402145
0.440721
0.450851
0.384765
0.40989
0.3915
0.384817
0.386656
0.410503
0.400828
0.404002
0.38872
0.393001
0.41202
0.404448
0.399166
0.397549
0.421104
0.408411
0.388986
0.385163
0.381473
0.393952
0.406588
0.393449
0.370006
0.384069
0.414506
0.427284
0.44828
0.427559
0.420282
0.389927
0.371461
0.366429
0.432695
0.375112
0.360314
0.355848
0.357
0.364399
0.366853
0.353789
0.345293
0.350627
0.346687
0.355119
0.356955
0.364411
0.356005
0.333565
0.342819
0.342391
0.346109
0.346281
0.340206
0.346808
0.354266
0.36027
0.360628
0.369087
0.352765
0.348157
0.354987
0.3727
0.361407
0.345512
0.344504
0.344667
0.355854
0.353327
0.356952
0.373079
0.383055
0.37246
0.382177
0.392073
0.383768
0.375459
0.408013
0.37241
0.363715
0.349156
0.343278
0.350852
0.352366
0.356028
0.36308
0.366881
0.365843
0.386598
0.387706
0.385382
0.374412
0.399412
0.364723
0.35519
0.370929
0.376535
0.396171
0.380025
0.394764
0.404298
0.398889
0.383433
0.35256
0.38128
0.380498
0.371206
0.369218
0.369295
0.362251
0.376578
0.394906
0.417211
0.395837
0.408116
0.364713
0.391841
0.400409
0.399821
0.460975
0.454998
0.420566
0.43586
0.424872
0.432562
0.467437
0.466639
0.500541
0.479435
0.46671
0.482863
0.484837
0.453606
0.426441
0.385136
0.390856
0.389111
0.38952
0.386765
0.417822
0.44504
0.419696
0.451389
0.416709
0.404182
0.400329
0.412945
0.3899
0.411833
0.4227
0.429704
0.428006
0.420462
0.419441
0.420771
0.415944
0.413184
0.378896
0.407649
0.391447
0.37641
0.354464
0.349006
0.348976
0.359412
0.361634
0.351518
0.369474
0.356233
0.365641
0.390145
0.401091
0.390559
0.401472
0.395718
0.374573
0.361512
0.369137
0.393093
0.369007
0.375376
0.365504
0.386193
0.39964
0.403149
0.384431
0.396791
0.387056
0.358644
0.397627
0.383395
0.41229
0.39273
0.38564
0.378285
0.362479
0.350741
0.347259
0.342
0.351579
0.348479
0.33874
0.35091
0.347305
0.344309
0.359432
0.364365
0.370434
0.360898
0.36031
0.383757
0.40367
0.416623
0.393613
0.394997
0.397741
0.401389
0.371403
0.355075
0.355016
0.358402
0.351776
0.352516
0.353372
0.372651
0.407718
0.400485
0.363516
0.379729
0.39002
0.406858
0.374393
0.377563
0.37202
0.393061
0.37993
0.381305
0.425967
0.443379
0.48376
0.451095
0.407821
0.431434
0.437299
0.43613
0.417656
0.414424
0.405498
0.389558
0.381959
0.375472
0.37859
0.367707
0.368797
0.368084
0.371557
0.396728
0.392093
0.436366
0.463728
0.47195
0.434574
0.49564
0.457407
0.432588
0.445012
0.429551
0.412562
0.558147
0.541697
0.541646
0.489471
0.481378
0.514994
0.511988
0.452954
0.454196
0.433422
0.487379
0.514803
0.486109
0.533966
0.513709
0.527921
0.490334
0.455674
0.460392
0.412242
0.395505
0.389681
0.367469
0.375162
0.394507
0.397334
0.390406
0.393739
0.389588
0.408004
0.413153
0.40218
0.406544
0.409252
0.382475
0.370215
0.361408
0.36711
0.360703
0.382731
0.376481
0.375899
0.384823
0.383574
0.366419
0.386632
0.410786
0.433137
0.418528
0.444714
0.410914
0.389216
0.376645
0.35517
0.356643
0.351696
0.33965
0.348307
0.350226
0.358797
0.353782
0.349825
0.343385
0.347777
0.348786
0.344125
0.345666
0.342761
0.346362
0.3572
0.367166
0.373829
0.405633
0.426524
0.416876
0.398969
0.418447
0.423965
0.427876
0.422889
0.40697
0.407679
0.387425
0.366772
0.354437
0.355947
0.36499
0.352265
0.353795
0.351234
0.365158
0.364925
0.377818
0.394767
0.386988
0.413944
0.409645
0.40155
0.402983
0.418325
0.407531
0.402028
0.382288
0.402534
0.428532
0.41396
0.373064
0.364388
0.342477
0.348082
0.348657
0.345418
0.354781
0.352106
0.35485
0.361961
0.345711
0.347269
0.336464
0.345522
0.350358
0.339679
0.349885
0.345601
0.362906
0.377713
0.367759
0.372851
0.353578
0.355419
0.348402
0.379968
0.400362
0.3729
0.363952
0.366665
0.381388
0.372084
0.370721
0.373912
0.393573
0.396448
0.407598
0.410127
0.421339
0.399021
0.389992
0.388022
0.368692
0.355036
0.374673
0.352766
0.382387
0.388571
0.403443
0.414013
0.415609
0.384523
0.384288
0.377854
0.372491
0.368756
0.373644
0.392385
0.394333
0.392337
0.408388
0.384502
0.377526
0.359028
0.35306
0.352164
0.350699
0.357905
0.344201
0.34472
0.353593
0.375462
0.375627
0.374622
0.365892
0.355723
0.353551
0.355905
0.355957
0.366948
0.399322
0.390528
0.38558
0.379702
0.360789
0.363475
0.367066
0.373453
0.386264
0.371371
0.360907
0.347949
0.364665
0.372555
0.368072
0.364757
0.361362
0.366665
0.393475
0.400598
0.389095
0.382537
0.396788
0.39688
0.370611
0.355412
0.36494
0.392897
0.386794
0.368735
0.365598
0.362431
0.348305
0.340622
0.341731
0.347567
0.341946
0.346093
0.362894
0.391244
0.379354
0.381057
0.363012
0.366631
0.379732
0.381217
0.369179
0.386866
0.380939
0.382679
0.360524
0.358913
0.3532
0.355032
0.346372
0.356552
0.370632
0.38039
0.40031
0.401098
0.372059
0.356369
0.347898
0.344642
0.344509
0.368204
0.343942
0.343467
0.346683
0.345292
0.343052
0.348894
0.343025
0.334936
0.350141
0.350675
0.356571
0.358779
0.379958
0.41509
0.416926
0.412013
0.398146
0.387898
0.371855
0.365593
0.365014
0.379926
0.383516
0.375178
0.372817
0.383275
0.399673
0.395634
0.375734
0.375564
0.403173
0.391376
0.377758
0.36639
0.361888
0.383478
0.359597
0.410378
0.41665
0.39974
0.409648
0.42399
0.405848
0.387139
0.380349
0.370191
0.371014
0.357464
0.362624
0.35329
0.356907
0.376616
0.399799
0.387447
0.371255
0.35337
0.342416
0.347462
0.336725
0.349288
0.367992
0.374156
0.354129
0.367288
0.411335
0.382358
0.358472
0.350496
0.348535
0.355294
0.363328
0.390071
0.403558
0.383884
0.40366
0.363234
0.345558
0.3538
0.352749
0.367658
0.392516
0.39055
0.36305
0.363882
0.358792
0.360747
0.368557
0.36609
0.373246
0.372884
0.348539
0.349645
0.355447
0.359525
0.35374
0.370191
0.373749
0.385693
0.393866
0.41215
0.423408
0.427386
0.437652
0.43938
0.409343
0.408005
0.422817
0.410316
0.389754
0.394411
0.416019
0.381122
0.398119
0.437202
0.510584
0.528715
0.565118
0.501178
0.457521
0.444592
0.445212
0.432084
0.401319
0.397006
0.42576
0.414091
0.448855
0.430592
0.402083
0.404788
0.389183
0.385579
0.402111
0.414587
0.449653
0.427548
0.392141
0.371962
0.356664
0.351325
0.382944
0.410231
0.431364
0.416628
0.390019
0.398242
0.417338
0.439014
0.409618
0.363365
0.357546
0.349312
0.34897
0.348484
0.351418
0.352954
0.359735
0.355994
0.35123
0.355425
0.354574
0.353824
0.349734
0.348795
0.349305
0.352478
0.345588
0.344087
0.345448
0.348139
0.349381
0.34732
0.345625
0.352756
0.361381
0.393415
0.449816
0.431746
0.401609
0.392047
0.401825
0.390673
0.412987
0.386954
0.39169
0.392944
0.380407
0.399949
0.411368
0.415153
0.386577
0.382678
0.36431
0.380699
0.390006
0.376806
0.370235
0.380309
0.423684
0.396069
0.367675
0.362638
0.361864
0.353684
0.370201
0.368644
0.355869
0.348968
0.354977
0.378705
0.381068
0.388371
0.411262
0.408755
0.391731
0.411521
0.416955
0.404549
0.396076
0.377206
0.381217
0.383998
0.370957
0.36881
0.392603
0.384509
0.40614
0.403823
0.394924
0.368249
0.36166
0.370759
0.374483
0.372967
0.392094
0.392083
0.39334
0.389179
0.383812
0.406017
0.399762
0.425835
0.381414
0.390169
0.385688
0.386454
0.407914
0.410932
0.391565
0.423372
0.399479
0.416033
0.396295
0.385493
0.392992
0.414905
0.425205
0.394715
0.389618
0.410046
0.413327
0.39066
0.431905
0.393538
0.408485
0.375827
0.390643
0.388938
0.363594
0.371871
0.355747
0.350178
0.338866
0.34749
0.344689
0.360608
0.369262
0.358863
0.371083
0.370483
0.359933
0.3573
0.371121
0.368686
0.389994
0.352042
0.348055
0.353544
0.384096
0.365294
0.367906
0.368164
0.376869
0.393358
0.388022
0.390846
0.37354
0.365253
0.368139
0.37979
0.359528
0.349442
0.361117
0.352239
0.349495
0.358111
0.36758
0.361266
0.372455
0.353876
0.346385
0.341919
0.343057
0.344996
0.346362
0.366738
0.385305
0.358514
0.383921
0.377247
0.380249
0.375266
0.363165
0.371128
0.3866
0.390552
0.400654
0.412165
0.382787
0.377055
0.385258
0.389438
0.385394
0.387191
0.391935
0.357526
0.356742
0.368039
0.385349
0.386195
0.36425
0.359064
0.352284
0.350551
0.36719
0.389413
0.397939
0.367893
0.375265
0.399135
0.390496
0.365035
0.373385
0.416263
0.403521
0.383566
0.380927
0.370411
0.366698
0.357566
0.35994
0.368669
0.394607
0.382118
0.45843
0.434454
0.46097
0.453466
0.453984
0.445144
0.474575
0.439497
0.42051
0.395327
0.430618
0.408264
0.451662
0.444965
0.457749
0.486625
0.430976
0.408333
0.424316
0.478349
0.447479
0.426996
0.397394
0.389577
0.377234
0.362354
0.379501
0.4046
0.405488
0.387659
0.395366
0.371064
0.380613
0.424831
0.45833
0.480853
0.486335
0.436857
0.442372
0.403309
0.380517
0.379479
0.406097
0.424846
0.461133
0.409462
0.387354
0.381895
0.392353
0.42522
0.43048
0.409795
0.401351
0.405275
0.420077
0.444497
0.404769
0.371698
0.353002
0.364349
0.364298
0.380352
0.374121
0.357842
0.355059
0.360225
0.364027
0.371894
0.384523
0.3798
0.408742
0.447042
0.452193
0.410164
0.436437
0.460584
0.396984
0.451556
0.446912
0.469696
0.470383
0.461723
0.439823
0.440485
0.425973
0.441016
0.461213
0.490095
0.473901
0.497148
0.483127
0.477271
0.477461
0.498224
0.478014
0.474388
0.447356
0.434918
0.428825
0.455076
0.406556
0.421646
0.446975
0.46344
0.432924
0.427962
0.431702
0.409681
0.433517
0.419395
0.45288
0.433705
0.420025
0.378815
0.372904
0.371053
0.387653
0.439265
0.418117
0.415086
0.392782
0.395566
0.417696
0.42665
0.426778
0.430701
0.447309
0.421746
0.434555
0.411525
0.41168
0.41661
0.419791
0.381374
0.37761
0.392274
0.41949
0.383512
0.40446
0.425015
0.384598
0.370322
0.369373
0.372485
0.40126
0.415394
0.396779
0.394716
0.429454
0.392106
0.41596
0.406726
0.406014
0.407641
0.408047
0.450334
0.449576
0.481741
0.468305
0.521227
0.402814
0.439856
0.506343
0.522165
0.460444
0.448792
0.472537
0.433037
0.46652
0.468131
0.481878
0.407234
0.395635
0.447734
0.412287
0.444504
0.463697
0.440517
0.498699
0.470417
0.43047
0.493383
0.488844
0.495252
0.430477
0.363171
0.420687
0.398771
0.389657
0.403278
0.375154
0.35999
0.353166
0.361136
0.363266
0.358917
0.376672
0.374513
0.389511
0.423547
0.420609
0.407691
0.380019
0.35892
0.360454
0.351796
0.355505
0.378717
0.38983
0.376065
0.377903
0.37048
0.349
0.351025
0.367948
0.386243
0.3658
0.353473
0.339498
0.343807
0.348125
0.345363
0.340342
0.33896
0.355229
0.349896
0.352493
0.370194
0.371368
0.382329
0.3828
0.370057
0.357088
0.368373
0.416656
0.406739
0.364183
0.365486
0.378635
0.383072
0.367628
0.363225
0.358752
0.368048
0.363484
0.366014
0.383189
0.379503
0.370078
0.349378
0.358526
0.377452
0.38208
0.376649
0.376206
0.38421
0.379606
0.387722
0.398798
0.383046
0.386566
0.38964
0.402136
0.38615
0.384243
0.425257
0.4277
0.405355
0.379899
0.368155
0.353908
0.347953
0.355162
0.344493
0.349027
0.34301
0.348578
0.351395
0.362347
0.377661
0.366129
0.349959
0.360804
0.381249
0.397982
0.384268
0.374972
0.354663
0.356789
0.338967
0.33963
0.344894
0.345511
0.355381
0.374858
0.38375
0.401944
0.407456
0.397134
0.431389
0.418634
0.422115
0.417548
0.401769
0.406618
0.404733
0.413705
0.40506
0.417265
0.396863
0.36172
0.363206
0.388906
0.377426
0.358104
0.358707
0.367881
0.377814
0.368333
0.384212
0.384276
0.383958
0.398635
0.381698
0.356744
0.34774
0.355502
0.377782
0.365409
0.365472
0.373628
0.352027
0.360684
0.360244
0.379267
0.39198
0.385572
0.359017
0.365631
0.367872
0.35399
0.363952
0.357084
0.377108
0.383201
0.385919
0.389551
0.388236
0.374863
0.383667
0.372632
0.379379
0.410921
0.405101
0.387869
0.370731
0.392112
0.398688
0.399452
0.403623
0.410373
0.406367
0.409113
0.385566
0.361913
0.34875
0.35079
0.35614
0.366513
0.390639
0.394954
0.398632
0.401685
0.376138
0.377915
0.369622
0.373463
0.372536
0.37183
0.38934
0.424539
0.41021
0.412011
0.451072
0.433674
0.431059
0.424051
0.397562
0.383282
0.375582
0.358707
0.376934
0.413583
0.421471
0.389829
0.382921
0.409704
0.411625
0.459338
0.439882
0.445767
0.440093
0.423478
0.444238
0.417317
0.411
0.421563
0.401047
0.385408
0.400169
0.420314
0.412552
0.373505
0.389422
0.405757
0.429551
0.464766
0.453591
0.453782
0.493861
0.456296
0.437232
0.460298
0.459532
0.549517
0.552837
0.571953
0.549179
0.538925
0.506849
0.419006
0.426505
0.468946
0.49762
0.532675
0.465572
0.478978
0.461458
0.38353
0.379449
0.383802
0.354908
0.345974
0.348252
0.365712
0.367949
0.362099
0.352491
0.371881
0.366445
0.348437
0.364229
0.34982
0.354421
0.351187
0.361514
0.3855
0.36979
0.37808
0.368917
0.356372
0.364732
0.359148
0.368186
0.380969
0.38546
0.387714
0.407291
0.417277
0.402818
0.40582
0.400695
0.400898
0.410274
0.408562
0.427877
0.393393
0.44522
0.393862
0.405862
0.40891
0.418289
0.411636
0.412108
0.474758
0.418581
0.387842
0.415887
0.410039
0.377553
0.410363
0.393459
0.391273
0.40631
0.408796
0.428575
0.409395
0.407615
0.379189
0.398163
0.382244
0.407228
0.412142
0.383112
0.392242
0.396001
0.411773
0.394266
0.40048
0.414569
0.496643
0.47158
0.480215
0.42878
0.419535
0.387298
0.402569
0.474659
0.41933
0.384916
0.371677
0.375005
0.384391
0.446678
0.430078
0.411407
0.383959
0.364026
0.369197
0.358089
0.368621
0.39195
0.434259
0.442139
0.451335
0.438884
0.454844
0.380026
0.367694
0.402953
0.457091
0.41054
0.409962
0.413122
0.412198
0.444913
0.462494
0.436946
0.445679
0.430327
0.434757
0.437768
0.413645
0.394296
0.443936
0.439061
0.443249
0.433447
0.440535
0.481962
0.513246
0.513318
0.480824
0.489037
0.479607
0.497121
0.420662
0.406846
0.396592
0.384804
0.362319
0.357402
0.351135
0.366684
0.367095
0.361295
0.347353
0.360455
0.348951
0.349381
0.350965
0.342359
0.346711
0.343634
0.347362
0.354676
0.370434
0.385879
0.366485
0.371586
0.349391
0.354695
0.369175
0.38282
0.381757
0.388106
0.378793
0.388301
0.376448
0.36105
0.37054
0.369499
0.371738
0.381548
0.390934
0.381245
0.399627
0.398573
0.473065
0.473916
0.475193
0.434356
0.500339
0.525538
0.506938
0.493019
0.507843
0.426492
0.392182
0.375456
0.384301
0.410976
0.426299
0.442405
0.401514
0.401273
0.37633
0.402404
0.390627
0.366819
0.348925
0.355212
0.371531
0.356973
0.379665
0.386124
0.390035
0.36558
0.360323
0.358725
0.354805
0.359146
0.351834
0.361976
0.39063
0.392353
0.373304
0.369757
0.345793
0.345155
0.343719
0.351865
0.362334
0.37047
0.36734
0.371594
0.366576
0.366245
0.376532
0.36346
0.360817
0.353618
0.350861
0.350191
0.372582
0.395037
0.429244
0.46637
0.466181
0.432938
0.441467
0.425773
0.41402
0.426393
0.452509
0.461231
0.405386
0.376718
0.395562
0.42087
0.402806
0.415014
0.400506
0.367505
0.366195
0.388526
0.414047
0.426873
0.42306
0.452622
0.442043
0.44307
0.420795
0.414305
0.404582
0.428509
0.427265
0.391821
0.402404
0.373206
0.3647
0.357256
0.358829
0.359644
0.370292
0.388878
0.427698
0.443044
0.451501
0.474071
0.433705
0.508933
0.478515
0.448089
0.432521
0.435931
0.409842
0.428685
0.429966
0.46312
0.478201
0.480346
0.424595
0.455153
0.516718
0.499817
0.480072
0.460072
0.447408
0.479807
0.481652
0.479169
0.412234
0.396229
0.392163
0.378978
0.378028
0.376401
0.380982
0.403205
0.429089
0.458518
0.454139
0.443597
0.427615
0.429373
0.407486
0.428914
0.475771
0.444873
0.474663
0.429706
0.426006
0.387715
0.360044
0.350001
0.354647
0.374681
0.370144
0.353843
0.371718
0.400961
0.393226
0.392922
0.40197
0.417647
0.412565
0.443843
0.430412
0.438168
0.501467
0.473609
0.480923
0.452488
0.39759
0.371931
0.403309
0.414695
0.418705
0.429497
0.395439
0.466972
0.433024
0.435795
0.405664
0.431251
0.427456
0.427207
0.38686
0.378821
0.377648
0.382344
0.383226
0.432477
0.383526
0.36961
0.375383
0.386981
0.387376
0.381762
0.413285
0.466965
0.440821
0.452896
0.389992
0.355924
0.398603
0.409647
0.440886
0.472182
0.436801
0.437913
0.407477
0.431695
0.406631
0.405417
0.421137
0.434004
0.422459
0.371291
0.365805
0.361036
0.351824
0.378901
0.387727
0.400022
0.395293
0.39984
0.408943
0.418785
0.384846
0.401376
0.418525
0.399719
0.384185
0.401466
0.390407
0.385748
0.377283
0.361359
0.372127
0.408147
0.414421
0.389261
0.372899
0.371538
0.392254
0.376074
0.35613
0.381472
0.379467
0.397746
0.408363
0.409487
0.393782
0.397467
0.374673
0.36667
0.378937
0.408633
0.403411
0.385957
0.379473
0.385049
0.379672
0.390684
0.413691
0.398949
0.393324
0.366744
0.35928
0.349375
0.349436
0.365244
0.337862
0.351302
0.351302
0.358167
0.374321
0.406734
0.41855
0.400348
0.380002
0.364808
0.342498
0.345703
0.351321
0.354926
0.351956
0.376889
0.406533
0.383957
0.371912
0.360673
0.357553
0.357836
0.352855
0.358359
0.37857
0.374402
0.374477
0.366449
0.378512
0.376838
0.358964
0.392282
0.41117
0.402829
0.417262
0.4054
0.397133
0.416773
0.381759
0.419837
0.439636
0.393167
0.387809
0.359319
0.392591
0.423699
0.440058
0.417146
0.398049
0.446295
0.41537
0.373124
0.360413
0.392067
0.364179
0.361701
0.370283
0.372505
0.368432
0.377907
0.376523
0.367708
0.370327
0.370166
0.348266
0.343542
0.341151
0.349742
0.347122
0.336969
0.342325
0.345463
0.342395
0.349402
0.361163
0.361562
0.391682
0.390623
0.381271
0.406177
0.397289
0.377015
0.39169
0.407965
0.382368
0.383311
0.378613
0.373363
0.399239
0.444991
0.430248
0.414151
0.425202
0.408572
0.44649
0.381127
0.407043
0.392072
0.424953
0.440897
0.387174
0.38061
0.396365
0.425798
0.424299
0.387152
0.388733
0.419069
0.409097
0.463959
0.451056
0.409207
0.435472
0.421918
0.409598
0.382665
0.368272
0.374435
0.385615
0.420024
0.452482
0.429242
0.495674
0.466816
0.433127
0.549199
0.529383
0.574674
0.516116
0.572172
0.56593
0.58241
0.482901
0.418475
0.432481
0.393363
0.396349
0.401344
0.395854
0.364768
0.397475
0.409021
0.39803
0.393045
0.392509
0.414967
0.406515
0.396881
0.381661
0.373355
0.365074
0.345466
0.349851
0.348856
0.359688
0.346101
0.347582
0.353152
0.370904
0.379012
0.385178
0.386937
0.401919
0.378474
0.423254
0.395241
0.375892
0.38932
0.379612
0.400296
0.42002
0.391793
0.386527
0.371946
0.375572
0.390568
0.369829
0.354449
0.371999
0.376563
0.360286
0.347306
0.353288
0.362601
0.376448
0.389
0.403043
0.374054
0.356352
0.354909
0.352582
0.34611
0.344198
0.354471
0.354305
0.374204
0.410616
0.440915
0.4323
0.446677
0.464226
0.437191
0.465728
0.428222
0.460468
0.419359
0.444613
0.465986
0.41658
0.389716
0.398288
0.39546
0.40338
0.400851
0.374405
0.388145
0.404525
0.390254
0.404788
0.436258
0.370499
0.405506
0.403234
0.395389
0.395094
0.402658
0.390087
0.383589
0.391636
0.390394
0.405232
0.430341
0.396012
0.401425
0.397975
0.369838
0.392343
0.41022
0.389019
0.355336
0.349108
0.362701
0.389293
0.396227
0.390383
0.409518
0.417128
0.387431
0.401356
0.410471
0.379205
0.387418
0.388742
0.370564
0.365424
0.3932
0.418092
0.379588
0.389151
0.412169
0.39876
0.417554
0.406795
0.400168
0.410347
0.407975
0.406063
0.434782
0.445684
0.437704
0.422889
0.476987
0.420675
0.411211
0.428476
0.435295
0.425378
0.436101
0.495884
0.459663
0.427284
0.432955
0.430264
0.427996
0.449088
0.4231
0.423686
0.432035
0.467288
0.461781
0.423434
0.387133
0.395409
0.386517
0.389902
0.369428
0.355343
0.341991
0.355309
0.357021
0.371815
0.41733
0.391693
0.395413
0.384242
0.403313
0.440699
0.420956
0.404596
0.413876
0.432036
0.428533
0.382797
0.382158
0.399359
0.415623
0.408514
0.436287
0.467531
0.476339
0.459672
0.407944
0.382823
0.39245
0.419507
0.41762
0.397559
0.36927
0.375932
0.390101
0.401008
0.437795
0.425293
0.416599
0.492888
0.452937
0.402952
0.430892
0.415075
0.486177
0.457601
0.440146
0.398833
0.466147
0.487447
0.46242
0.52897
0.520805
0.496756
0.53436
0.503269
0.514339
0.496122
0.494579
0.472408
0.478654
0.475601
0.540726
0.55138
0.557279
0.53584
0.530417
0.549229
0.59461
0.588629
0.55955
0.491452
0.442334
0.470862
0.476008
0.426635
0.395629
0.427452
0.451604
0.422062
0.383064
0.393331
0.441269
0.446053
0.441302
0.417017
0.435907
0.423372
0.398653
0.361536
0.360167
0.368042
0.395219
0.414621
0.441215
0.446681
0.455401
0.444615
0.443631
0.432562
0.428914
0.438267
0.40237
0.384984
0.413247
0.394068
0.404042
0.3999
0.40462
0.367802
0.360587
0.372763
0.386363
0.403013
0.419927
0.386896
0.407555
0.407361
0.397874
0.406616
0.415135
0.386353
0.390414
0.394497
0.407643
0.398196
0.389326
0.399306
0.419656
0.424593
0.437301
0.43086
0.427676
0.38609
0.41097
0.404447
0.387499
0.412471
0.420549
0.389208
0.43214
0.431954
0.399903
0.382089
0.383366
0.395782
0.407293
0.392167
0.42847
0.498988
0.435342
0.436151
0.431934
0.413841
0.415303
0.418516
0.428139
0.439295
0.450919
0.414156
0.4403
0.451121
0.448467
0.414484
0.40954
0.400788
0.367259
0.366476
0.363467
0.374225
0.364625
0.354804
0.356652
0.341797
0.346975
0.340077
0.345852
0.350344
0.353521
0.357481
0.38003
0.383956
0.379776
0.400583
0.384149
0.381328
0.374359
0.37906
0.386913
0.411649
0.392094
0.400274
0.377003
0.354171
0.351651
0.354809
0.355893
0.361461
0.363312
0.39339
0.421593
0.430446
0.46366
0.476084
0.479804
0.488171
0.50055
0.513527
0.433207
0.399296
0.405838
0.461339
0.374146
0.425835
0.444853
0.422229
0.391218
0.403197
0.452193
0.464201
0.46933
0.503592
0.480773
0.430732
0.456995
0.380071
0.356836
0.375238
0.375682
0.373077
0.366069
0.424233
0.404885
0.392719
0.395505
0.454432
0.461585
0.42499
0.395026
0.389527
0.366051
0.389897
0.395012
0.380114
0.380825
0.401956
0.394325
0.405372
0.416344
0.420171
0.421718
0.409415
0.387368
0.410019
0.417122
0.411992
0.419229
0.482169
0.486803
0.446601
0.382656
0.403104
0.433938
0.43483
0.487264
0.455889
0.453827
0.481226
0.45829
0.455557
0.475023
0.41835
0.416128
0.385871
0.376868
0.375659
0.399629
0.375427
0.371302
0.370959
0.376547
0.390058
0.411588
0.433973
0.412638
0.399454
0.407894
0.4031
0.442059
0.440679
0.404751
0.442569
0.386722
0.346859
0.413687
0.419008
0.429125
0.443446
0.400727
0.414185
0.462282
0.474451
0.411447
0.417086
0.421896
0.438877
0.457929
0.448112
0.425358
0.458574
0.486281
0.486659
0.454597
0.426002
0.428842
0.439117
0.443924
0.435743
0.455163
0.43979
0.433963
0.471156
0.462071
0.466324
0.48185
0.501749
0.550346
0.568197
0.520898
0.53405
0.575051
0.564861
0.560845
0.516314
0.543281
0.462425
0.432162
0.401286
0.37
0.391437
0.399348
0.444433
0.376682
0.417104
0.45615
0.425038
0.439317
0.418311
0.392481
0.432287
0.436855
0.423571
0.449167
0.423479
0.416472
0.400273
0.413423
0.386525
0.410717
0.419261
0.352634
0.423209
0.444599
0.453175
0.415716
0.42936
0.431586
0.443795
0.403851
0.402986
0.372279
0.365409
0.365912
0.36286
0.356801
0.357509
0.351455
0.352946
0.349774
0.359145
0.363969
0.38202
0.395877
0.371461
0.378652
0.358417
0.368302
0.379656
0.386987
0.365837
0.372302
0.427158
0.404891
0.402052
0.426706
0.450703
0.412465
0.409094
0.416145
0.438267
0.396182
0.365272
0.348131
0.350852
0.352121
0.362139
0.367139
0.371111
0.362797
0.367982
0.368481
0.371009
0.385413
0.40714
0.416913
0.465061
0.494516
0.471068
0.453043
0.467142
0.434414
0.491787
0.449328
0.38429
0.376805
0.353735
0.38989
0.376093
0.372398
0.363848
0.354843
0.372789
0.454785
0.447438
0.379202
0.389735
0.408161
0.406468
0.390322
0.46356
0.504125
0.518891
0.466803
0.480036
0.411685
0.515759
0.534628
0.531152
0.524628
0.492965
0.508666
0.490165
0.521353
0.479796
0.480306
0.512405
0.511555
0.515413
0.506286
0.501396
0.461477
0.461341
0.483861
0.460379
0.432937
0.409959
0.427786
0.486173
0.441282
0.452454
0.445524
0.454262
0.415235
0.424165
0.440525
0.43511
0.393638
0.379991
0.363229
0.35956
0.356223
0.367032
0.400121
0.395685
0.373909
0.366678
0.36277
0.374842
0.401026
0.408351
0.400892
0.385623
0.373122
0.373339
0.349869
0.363505
0.375917
0.352996
0.350114
0.362203
0.384804
0.397492
0.393677
0.411262
0.41151
0.406317
0.402684
0.380542
0.392104
0.368239
0.362231
0.352642
0.354374
0.356533
0.342198
0.354492
0.367691
0.380968
0.378477
0.382195
0.401346
0.387095
0.362794
0.378421
0.358052
0.362694
0.351964
0.361227
0.374233
0.36365
0.382338
0.415823
0.396558
0.385604
0.378914
0.389536
0.395273
0.397469
0.419461
0.416672
0.431227
0.423507
0.443041
0.458255
0.390774
0.419558
0.424607
0.433143
0.469941
0.43904
0.499759
0.464363
0.449352
0.494373
0.501034
0.479563
0.452886
0.424187
0.418622
0.39218
0.425315
0.437157
0.427168
0.372658
0.425088
0.458441
0.417065
0.468835
0.464992
0.407167
0.379083
0.39327
0.449985
0.391421
0.429671
0.45055
0.424455
0.432622
0.430628
0.424055
0.411155
0.426275
0.464106
0.470043
0.454931
0.468619
0.436843
0.400817
0.450386
0.474513
0.483807
0.494197
0.436584
0.426919
0.434751
0.432541
0.450915
0.493609
0.500556
0.396132
0.442773
0.435027
0.407338
0.416369
0.386273
0.370728
0.364241
0.412148
0.420296
0.425123
0.437657
0.410713
0.405889
0.389916
0.376943
0.372639
0.383217
0.36247
0.35498
0.355972
0.355078
0.36335
0.388666
0.396187
0.369033
0.363171
0.360019
0.371519
0.381879
0.373167
0.373141
0.349053
0.368106
0.391098
0.389172
0.390328
0.394585
0.386562
0.394533
0.400963
0.354886
0.376404
0.383344
0.390329
0.396819
0.43664
0.417077
0.430996
0.406486
0.400898
0.365793
0.371364
0.409559
0.388219
0.363349
0.375215
0.366462
0.366067
0.358519
0.363939
0.387733
0.399051
0.387884
0.362716
0.379772
0.367101
0.372478
0.395241
0.378267
0.391941
0.384527
0.405013
0.474237
0.408133
0.49042
0.462747
0.47772
0.42337
0.435099
0.42872
0.510728
0.479914
0.495541
0.463817
0.475636
0.440944
0.371321
0.424769
0.481182
0.450744
0.481601
0.481543
0.391873
0.378944
0.36313
0.362466
0.345069
0.349316
0.357971
0.365979
0.368655
0.40915
0.377997
0.385483
0.411475
0.412966
0.379023
0.395725
0.396889
0.382727
0.394653
0.393616
0.400909
0.413463
0.397216
0.388249
0.381451
0.375058
0.375615
0.380378
0.35987
0.357621
0.347585
0.351249
0.352721
0.34728
0.376622
0.408056
0.379325
0.387237
0.363155
0.352347
0.353087
0.354779
0.381518
0.371384
0.358618
0.349016
0.352905
0.357736
0.373204
0.365466
0.356948
0.348873
0.344955
0.341879
0.350728
0.347266
0.343106
0.352275
0.357013
0.364107
0.36877
0.390696
0.374216
0.355786
0.35204
0.359346
0.377622
0.394045
0.400264
0.415726
0.418263
0.412785
0.41685
0.412416
0.422285
0.393587
0.380756
0.387384
0.389753
0.416509
0.388456
0.364539
0.393482
0.400322
0.391028
0.400891
0.386544
0.400546
0.389077
0.413322
0.419411
0.43609
0.403172
0.416257
0.42921
0.411381
0.418506
0.438761
0.450894
0.464293
0.453003
0.497672
0.441236
0.456378
0.490599
0.442547
0.434205
0.442648
0.503379
0.482778
0.440374
0.444597
0.421871
0.424937
0.421758
0.458812
0.471255
0.445626
0.426922
0.424088
0.440046
0.438858
0.490086
0.462111
0.479327
0.501502
0.450305
0.492307
0.469569
0.456211
0.535902
0.503386
0.442547
0.415292
0.40103
0.408157
0.418748
0.416207
0.448838
0.457218
0.418327
0.457677
0.468874
0.485721
0.506638
0.523515
0.572901
0.456287
0.409173
0.415198
0.413923
0.443856
0.421491
0.417301
0.422312
0.383711
0.403315
0.406877
0.421364
0.434644
0.419728
0.412753
0.418109
0.401862
0.440004
0.425408
0.43745
0.408485
0.404469
0.427282
0.424252
0.420735
0.442653
0.395061
0.392051
0.386674
0.410763
0.390566
0.3812
0.392767
0.355229
0.376555
0.395199
0.393932
0.385172
0.359078
0.35831
0.36716
0.384803
0.382013
0.415568
0.42223
0.395643
0.392017
0.389811
0.399988
0.40329
0.381067
0.421187
0.418095
0.42198
0.422908
0.392057
0.393548
0.375877
0.398354
0.391159
0.398048
0.393371
0.415729
0.396606
0.403384
0.408338
0.427015
0.405142
0.423013
0.38168
0.355533
0.354124
0.359565
0.341771
0.340952
0.338099
0.350287
0.338609
0.344634
0.354053
0.363607
0.389532
0.362478
0.382846
0.364823
0.35057
0.345555
0.337575
0.337701
0.348637
0.344659
0.340319
0.343337
0.341699
0.355018
0.347142
0.348229
0.347957
0.348515
0.335317
0.333623
0.347497
0.3434
0.340518
0.347341
0.341447
0.363872
0.37056
0.396235
0.385975
0.376859
0.37242
0.38103
0.385406
0.36235
0.392929
0.369599
0.37788
0.365642
0.381783
0.37164
0.380811
0.387633
0.355903
0.351092
0.343295
0.341774
0.341826
0.34203
0.350777
0.347727
0.345357
0.353468
0.341954
0.341993
0.344524
0.342794
0.347221
0.3485
0.336995
0.347022
0.347942
0.361124
0.367065
0.367898
0.355753
0.355078
0.366518
0.363634
0.373296
0.403229
0.418859
0.40927
0.379223
0.380556
0.400044
0.402948
0.432869
0.449344
0.429042
0.431919
0.412927
0.42852
0.387066
0.365803
0.376203
0.393704
0.382134
0.358442
0.358127
0.359849
0.35802
0.374102
0.397385
0.39993
0.377602
0.372567
0.376429
0.379818
0.404414
0.423246
0.46401
0.450115
0.466027
0.481888
0.460441
0.51825
0.507991
0.511035
0.409391
0.400842
0.37833
0.436416
0.436707
0.407922
0.383229
0.451705
0.472814
0.439333
0.494559
0.401356
0.386436
0.371756
0.364381
0.350337
0.346635
0.342121
0.355745
0.358317
0.358385
0.370269
0.379402
0.38761
0.400294
0.39192
0.38951
0.376834
0.378524
0.412412
0.428742
0.412253
0.406168
0.387317
0.400367
0.385126
0.369136
0.376617
0.374319
0.393817
0.380199
0.361118
0.345917
0.343498
0.350838
0.347363
0.341302
0.342924
0.34794
0.351762
0.381432
0.380974
0.370237
0.345793
0.345692
0.350976
0.359848
0.352606
0.355572
0.392824
0.426625
0.402196
0.407752
0.39918
0.407051
0.39508
0.390234
0.396526
0.387542
0.409252
0.42626
0.406756
0.406704
0.396793
0.406953
0.386878
0.398802
0.394531
0.398662
0.394352
0.380908
0.390343
0.389651
0.416401
0.392468
0.371273
0.377676
0.413678
0.410418
0.449398
0.44855
0.394771
0.420385
0.370927
0.371781
0.444904
0.383527
0.454274
0.456131
0.4465
0.428796
0.421364
0.40527
0.401776
0.408634
0.45901
0.437489
0.454377
0.45294
0.46273
0.45144
0.420145
0.453157
0.475112
0.474486
0.445963
0.428914
0.392602
0.383671
0.382231
0.377067
0.368828
0.402897
0.393214
0.360796
0.356528
0.348919
0.354468
0.361759
0.358161
0.376443
0.3702
0.354575
0.366958
0.377998
0.398342
0.411224
0.404969
0.442517
0.420871
0.462251
0.429889
0.456668
0.408527
0.479588
0.48582
0.399071
0.480685
0.448688
0.449449
0.47328
0.456518
0.431894
0.42902
0.417658
0.417404
0.409527
0.463282
0.499524
0.467307
0.511899
0.47247
0.465367
0.465083
0.480327
0.49865
0.481189
0.510267
0.544867
0.562734
0.569575
0.444845
0.414546
0.433522
0.406336
0.417239
0.408213
0.444894
0.435512
0.401007
0.386466
0.408132
0.418029
0.443447
0.404862
0.416214
0.403331
0.441219
0.432239
0.459381
0.43276
0.422379
0.421734
0.431667
0.463721
0.415959
0.428552
0.398884
0.412219
0.409882
0.420154
0.392585
0.363802
0.365221
0.371144
0.378967
0.365937
0.383213
0.407018
0.386578
0.401341
0.464982
0.47287
0.454008
0.47796
0.448794
0.42046
0.42383
0.453506
0.404504
0.414309
0.449017
0.416332
0.375527
0.359974
0.376716
0.399327
0.389264
0.38798
0.372025
0.377899
0.406314
0.40807
0.412492
0.41929
0.414258
0.404699
0.382369
0.374052
0.359118
0.384342
0.405904
0.394323
0.369545
0.375927
0.436518
0.403954
0.414572
0.410628
0.421874
0.404548
0.409898
0.416942
0.403392
0.394073
0.436066
0.435971
0.415424
0.441418
0.457241
0.470135
0.418954
0.474911
0.474292
0.433962
0.416159
0.435381
0.456992
0.43091
0.461755
0.48072
0.425778
0.416932
0.406795
0.430907
0.426255
0.417555
0.471459
0.509334
0.493391
0.479618
0.45204
0.427426
0.402463
0.410949
0.525942
0.455746
0.487146
0.427067
0.415993
0.442514
0.443094
0.407485
0.415403
0.458478
0.44369
0.425653
0.40711
0.424997
0.454701
0.4286
0.437728
0.39531
0.382055
0.3861
0.432907
0.461503
0.4625
0.467979
0.483872
0.445665
0.457428
0.40286
0.437739
0.445334
0.445377
0.413644
0.387963
0.39207
0.381329
0.375104
0.396758
0.407355
0.377626
0.378678
0.417343
0.440996
0.431591
0.411743
0.457284
0.435574
0.473755
0.434809
0.542864
0.607085
0.60896
0.546862
0.556676
0.543878
0.487713
0.478653
0.514681
0.520028
0.462144
0.439331
0.412671
0.411577
0.416948
0.402611
0.425836
0.47513
0.438404
0.419264
0.446421
0.473855
0.504209
0.460103
0.47084
0.436912
0.41781
0.41234
0.440788
0.475816
0.451799
0.478901
0.468587
0.425795
0.445202
0.419637
0.467762
0.445062
0.441583
0.440189
0.421744
0.432336
0.45268
0.446691
0.430102
0.439255
0.461768
0.437989
0.432456
0.445507
0.411496
0.415699
0.418769
0.463248
0.482891
0.479421
0.49726
0.499516
0.485305
0.499482
0.504547
0.507216
0.421431
0.415534
0.42158
0.422795
0.423589
0.414757
0.401741
0.415408
0.39386
0.435861
0.431745
0.439302
0.502214
0.448779
0.466196
0.436732
0.400987
0.387642
0.403511
0.400215
0.400074
0.446596
0.424725
0.441582
0.428658
0.437293
0.471848
0.483786
0.513835
0.448719
0.417793
0.376626
0.365973
0.3717
0.358432
0.360441
0.369641
0.367901
0.366526
0.357774
0.363236
0.369275
0.387295
0.406661
0.437846
0.478724
0.490622
0.4991
0.488064
0.483052
0.440591
0.431684
0.465178
0.498253
0.409895
0.442067
0.428684
0.389758
0.449432
0.414453
0.41272
0.449934
0.464236
0.427244
0.365264
0.365161
0.399159
0.42388
0.42385
0.427847
0.437293
0.417784
0.4124
0.415825
0.468375
0.482526
0.417594
0.418581
0.419248
0.465787
0.488463
0.488864
0.5565
0.518931
0.488462
0.484798
0.492441
0.532486
0.560635
0.59425
0.535257
0.513236
0.498714
0.524099
0.519336
0.492771
0.478295
0.465519
0.471461
0.47647
0.509938
0.483523
0.452173
0.460608
0.466919
0.500579
0.511034
0.498815
0.448594
0.469483
0.448314
0.447917
0.430774
0.429942
0.427116
0.394157
0.422612
0.397853
0.405432
0.410612
0.400046
0.427158
0.440124
0.448643
0.464627
0.507027
0.520258
0.483573
0.48082
0.475995
0.438996
0.445354
0.439546
0.469975
0.415623
0.474521
0.436377
0.495231
0.466699
0.427928
0.404849
0.456296
0.420002
0.454946
0.451285
0.417687
0.450776
0.437689
0.441641
0.466994
0.427781
0.438323
0.468967
0.473576
0.414861
0.449342
0.5186
0.479304
0.475164
0.49287
0.441134
0.408665
0.507277
0.495435
0.489012
0.464552
0.489696
0.504039
0.485159
0.512281
0.482601
0.419671
0.452629
0.420614
0.479912
0.423171
0.478955
0.474274
0.483251
0.510101
0.479239
0.425961
0.400629
0.37728
0.363391
0.351323
0.364789
0.370812
0.377803
0.409721
0.400406
0.405978
0.44872
0.463839
0.459722
0.459761
0.405495
0.430069
0.434557
0.412895
0.379198
0.433797
0.397648
0.440763
0.398283
0.452912
0.46938
0.444128
0.443344
0.428109
0.394976
0.448171
0.446101
0.438936
0.450268
0.413656
0.371905
0.391775
0.375398
0.368774
0.37576
0.384057
0.448338
0.464988
0.487302
0.49437
0.513725
0.51477
0.49283
0.53361
0.506147
0.499135
0.513027
0.483134
0.524459
0.498577
0.548496
0.537835
0.510742
0.528286
0.573896
0.575491
0.538381
0.528062
0.423522
0.415615
0.367712
0.362724
0.385158
0.411735
0.422224
0.394464
0.369525
0.387976
0.398867
0.39967
0.397246
0.429347
0.411541
0.401648
0.440714
0.405073
0.419845
0.441884
0.411337
0.402613
0.452418
0.436647
0.423442
0.461328
0.417506
0.401616
0.390083
0.410143
0.432671
0.387562
0.448225
0.431906
0.413185
0.413025
0.388571
0.391751
0.396071
0.404971
0.375095
0.371815
0.369262
0.351956
0.345013
0.347422
0.349298
0.362472
0.380839
0.409942
0.391973
0.366188
0.354743
0.354474
0.371237
0.389432
0.404024
0.415716
0.429954
0.395576
0.479739
0.382278
0.372292
0.364442
0.372651
0.361256
0.357419
0.354912
0.379665
0.375767
0.36756
0.360796
0.360126
0.362614
0.407428
0.406706
0.434596
0.451576
0.439063
0.426635
0.433912
0.458257
0.499343
0.398106
0.445758
0.428004
0.42925
0.409358
0.387213
0.377765
0.368802
0.364103
0.382745
0.377776
0.390177
0.379313
0.385155
0.389882
0.402891
0.429315
0.429762
0.437934
0.434622
0.422384
0.386497
0.354316
0.371554
0.405501
0.385179
0.417424
0.422168
0.388358
0.385859
0.357241
0.345607
0.347605
0.348476
0.338321
0.350611
0.353261
0.349906
0.358765
0.351288
0.376854
0.3917
0.378732
0.352758
0.350568
0.362612
0.373229
0.3594
0.406656
0.439017
0.397655
0.428286
0.407196
0.443994
0.454269
0.414929
0.410605
0.457447
0.453829
0.512922
0.486509
0.525742
0.597336
0.585369
0.584487
0.546159
0.533026
0.564222
0.54545
0.541451
0.541556
0.51596
0.506112
0.499713
0.463536
0.533108
0.521316
0.484431
0.442554
0.466332
0.524667
0.521589
0.525174
0.451532
0.441053
0.527182
0.490898
0.518044
0.519033
0.449905
0.50272
0.467894
0.509397
0.505561
0.528493
0.534001
0.549721
0.535722
0.512926
0.412879
0.399057
0.403422
0.415474
0.406863
0.417811
0.415094
0.412907
0.388334
0.419753
0.425479
0.455575
0.492016
0.456931
0.456038
0.438025
0.428663
0.435736
0.446657
0.499694
0.49571
0.44598
0.435079
0.503574
0.524596
0.48642
0.414873
0.431882
0.436874
0.522589
0.511073
0.504998
0.439256
0.507276
0.483432
0.484904
0.506861
0.498917
0.426197
0.479208
0.420247
0.43864
0.535116
0.521807
0.484301
0.505562
0.49608
0.517085
0.471489
0.532394
0.514295
0.538182
0.507623
0.528795
0.490459
0.450414
0.432077
0.450364
0.444137
0.479836
0.51195
0.467046
0.545635
0.475711
0.458393
0.440933
0.44149
0.463504
0.501502
0.441769
0.481509
0.441289
0.452459
0.44478
0.470115
0.44784
0.484468
0.428724
0.453844
0.430901
0.420708
0.387263
0.378226
0.364433
0.376907
0.380609
0.394138
0.396826
0.393281
0.408638
0.384015
0.382399
0.392028
0.387584
0.400203
0.392845
0.371904
0.373476
0.382688
0.389421
0.40639
0.406328
0.411517
0.471132
0.419225
0.428704
0.427109
0.432756
0.415327
0.425944
0.414089
0.400804
0.419039
0.441583
0.444801
0.437742
0.451102
0.479006
0.455332
0.407682
0.483826
0.472704
0.498426
0.475671
0.469863
0.447084
0.449449
0.46499
0.451093
0.500321
0.462814
0.482874
0.451183
0.462471
0.460155
0.410385
0.389685
0.426533
0.446039
0.433281
0.428196
0.413388
0.433677
0.463101
0.464271
0.473433
0.42622
0.438811
0.503054
0.442394
0.458041
0.464446
0.471007
0.489001
0.450381
0.464555
0.506566
0.47086
0.4686
0.464472
0.422657
0.399794
0.421459
0.434291
0.39988
0.388264
0.373029
0.392609
0.444679
0.478658
0.493702
0.482281
0.45782
0.461732
0.46682
0.430251
0.429699
0.444907
0.504931
0.541161
0.582279
0.556685
0.582457
0.54063
0.403131
0.378564
0.383033
0.408514
0.376579
0.369397
0.381448
0.364418
0.352657
0.357717
0.395688
0.389514
0.352088
0.357186
0.345742
0.34938
0.350873
0.355113
0.342022
0.351945
0.350109
0.344005
0.345458
0.361777
0.348446
0.360792
0.381093
0.400748
0.378972
0.371053
0.361318
0.363324
0.380571
0.395116
0.391671
0.36876
0.365362
0.415351
0.440798
0.444324
0.427743
0.450222
0.424869
0.435622
0.441392
0.411318
0.410419
0.457121
0.458395
0.413322
0.433506
0.416916
0.435554
0.424427
0.436342
0.407179
0.411575
0.461856
0.491874
0.496306
0.501584
0.513182
0.515578
0.540894
0.5174
0.527325
0.508593
0.478697
0.413142
0.416818
0.469341
0.480826
0.478743
0.47855
0.541118
0.532245
0.495519
0.489198
0.505199
0.458266
0.464582
0.501556
0.504611
0.484657
0.480797
0.485903
0.441276
0.44279
0.466364
0.455015
0.477557
0.40319
0.424447
0.486092
0.466256
0.477353
0.482712
0.474022
0.46493
0.444292
0.457962
0.432235
0.436667
0.40641
0.427566
0.486279
0.423909
0.494987
0.494988
0.540141
0.535821
0.491165
0.503446
0.531967
0.449454
0.438641
0.44415
0.510769
0.491222
0.517367
0.505832
0.498191
0.492579
0.513915
0.50582
0.48005
0.512437
0.537263
0.496956
0.463811
0.450514
0.531806
0.497246
0.505518
0.550817
0.536787
0.485762
0.481611
0.447844
0.418641
0.429873
0.377757
0.371664
0.37904
0.383105
0.3959
0.413404
0.396437
0.391475
0.386643
0.39854
0.44827
0.464694
0.396831
0.390364
0.393764
0.386159
0.396957
0.412639
0.412301
0.394473
0.377458
0.388026
0.398185
0.393776
0.425151
0.409481
0.426911
0.415283
0.424201
0.429042
0.427818
0.408297
0.383713
0.36464
0.391605
0.394848
0.369965
0.390395
0.430968
0.421683
0.405747
0.384236
0.362755
0.370488
0.357736
0.363814
0.366713
0.368233
0.355921
0.36425
0.370121
0.394082
0.398945
0.378767
0.362209
0.350584
0.364299
0.354954
0.358404
0.362908
0.368843
0.367903
0.357223
0.375168
0.384403
0.387652
0.392834
0.398839
0.434967
0.477602
0.484601
0.41913
0.429904
0.388466
0.390194
0.377771
0.384789
0.398689
0.410999
0.405687
0.388038
0.392863
0.415881
0.424771
0.459209
0.423404
0.463221
0.500932
0.435232
0.405172
0.395947
0.400787
0.391384
0.414919
0.428627
0.459037
0.428856
0.42092
0.427357
0.399277
0.397692
0.386569
0.400488
0.382897
0.3859
0.392394
0.385672
0.396165
0.398589
0.386859
0.396608
0.413154
0.38129
0.380944
0.373811
0.386105
0.414669
0.477876
0.436548
0.406475
0.411693
0.43664
0.4497
0.444145
0.404906
0.403738
0.384233
0.404617
0.408095
0.386055
0.392237
0.383655
0.384853
0.401666
0.387903
0.383046
0.369649
0.36673
0.368519
0.373925
0.370901
0.3611
0.365015
0.357049
0.365548
0.36292
0.356409
0.35721
0.374135
0.365879
0.371667
0.358881
0.356729
0.362712
0.360417
0.357201
0.353976
0.357599
0.35597
0.363961
0.362838
0.360074
0.360507
0.362518
0.365012
0.35779
0.359036
0.357374
0.363576
0.372019
0.367444
0.379946
0.375252
0.36893
0.360476
0.355981
0.369741
0.400495
0.41566
0.413571
0.392264
0.408166
0.404088
0.408852
0.415308
0.390172
0.380437
0.365142
0.376723
0.373207
0.393281
0.442599
0.401804
0.361616
0.384402
0.400806
0.404756
0.393774
0.389837
0.389136
0.386533
0.395774
0.370203
0.372742
0.360158
0.360724
0.393623
0.409482
0.365525
0.368412
0.381395
0.384781
0.412101
0.428382
0.456934
0.418768
0.414504
0.379346
0.360779
0.366914
0.371779
0.39046
0.410149
0.390369
0.364136
0.366917
0.363104
0.359107
0.36016
0.355919
0.352487
0.365728
0.386683
0.405343
0.474682
0.402175
0.392519
0.391836
0.390266
0.390039
0.412525
0.412494
0.399742
0.410502
0.420394
0.414719
0.414057
0.408711
0.403092
0.403693
0.383973
0.38047
0.391226
0.388351
0.395945
0.396829
0.387463
0.382909
0.38195
0.368555
0.371212
0.37505
0.360241
0.368412
0.374879
0.385366
0.376085
0.36351
0.372949
0.385245
0.388788
0.393251
0.427148
0.427868
0.436497
0.43085
0.417701
0.403876
0.403961
0.468638
0.540287
0.521035
0.506922
0.391284
0.395771
